23	45	33	89	12	30	21	93	20	75	1
51	73	61	117	40	58	49	121	48	103	2
79	101	89	145	68	86	77	149	76	131	3
107	129	117	173	96	114	105	177	104	159	4
135	157	145	201	124	142	133	205	132	187	5
163	185	173	229	152	170	161	233	160	215	6
191	213	201	257	180	198	189	261	188	243	7
219	241	229	285	208	226	217	289	216	271	8
247	269	257	313	236	254	245	317	244	299	9
275	297	285	341	264	282	273	345	272	327	10
303	325	313	369	292	310	301	373	300	355	11
331	353	341	397	320	338	329	401	328	383	12
359	381	369	425	348	366	357	429	356	411	13
387	409	397	453	376	394	385	457	384	439	14
415	437	425	481	404	422	413	485	412	467	15
443	465	453	509	432	450	441	513	440	495	16
471	493	481	537	460	478	469	541	468	523	17
499	521	509	565	488	506	497	569	496	551	18
527	549	537	593	516	534	525	597	524	579	19
555	577	565	621	544	562	553	625	552	607	20
583	605	593	649	572	590	581	653	580	635	21
611	633	621	677	600	618	609	681	608	663	22
639	661	649	705	628	646	637	709	636	691	23
667	689	677	733	656	674	665	737	664	719	24
695	717	705	761	684	702	693	765	692	747	25
723	745	733	789	712	730	721	793	720	775	26
751	773	761	817	740	758	749	821	748	803	27
779	801	789	845	768	786	777	849	776	831	28
807	829	817	873	796	814	805	877	804	859	29
835	857	845	901	824	842	833	905	832	887	30
863	885	873	929	852	870	861	933	860	915	31
891	913	901	957	880	898	889	961	888	943	32
919	941	929	985	908	926	917	989	916	971	33
947	969	957	1013	936	954	945	1017	944	999	34
975	997	985	1041	964	982	973	1045	972	1027	35
1003	1025	1013	1069	992	1010	1001	1073	1000	1055	36
1031	1053	1041	1097	1020	1038	1029	1101	1028	1083	37
1059	1081	1069	1125	1048	1066	1057	1129	1056	1111	38
1087	1109	1097	1153	1076	1094	1085	1157	1084	1139	39
1115	1137	1125	1181	1104	1122	1113	1185	1112	1167	40
1143	1165	1153	1209	1132	1150	1141	1213	1140	1195	41
1171	1193	1181	1237	1160	1178	1169	1241	1168	1223	42
1199	1221	1209	1265	1188	1206	1197	1269	1196	1251	43
1227	1249	1237	1293	1216	1234	1225	1297	1224	1279	44
1255	1277	1265	1321	1244	1262	1253	1325	1252	1307	45
1283	1305	1293	1349	1272	1290	1281	1353	1280	1335	46
1311	1333	1321	1377	1300	1318	1309	1381	1308	1363	47
1339	1361	1349	1405	1328	1346	1337	1409	1336	1391	48
1367	1389	1377	1433	1356	1374	1365	1437	1364	1419	49
1395	1417	1405	1461	1384	1402	1393	1465	1392	1447	50
1423	1445	1433	1489	1412	1430	1421	1493	1420	1475	51
1451	1473	1461	1517	1440	1458	1449	1521	1448	1503	52
1479	1501	1489	1545	1468	1486	1477	1549	1476	1531	53
1507	1529	1517	1573	1496	1514	1505	1577	1504	1559	54
1535	1557	1545	1601	1524	1542	1533	1605	1532	1587	55
1563	1585	1573	1629	1552	1570	1561	1633	1560	1615	56
1591	1613	1601	1657	1580	1598	1589	1661	1588	1643	57
1619	1641	1629	1685	1608	1626	1617	1689	1616	1671	58
1647	1669	1657	1713	1636	1654	1645	1717	1644	1699	59
1675	1697	1685	1741	1664	1682	1673	1745	1672	1727	60
1703	1725	1713	1769	1692	1710	1701	1773	1700	1755	61
1731	1753	1741	1797	1720	1738	1729	1801	1728	1783	62
1759	1781	1769	1825	1748	1766	1757	1829	1756	1811	63
1787	1809	1797	1853	1776	1794	1785	1857	1784	1839	64
1815	1837	1825	1881	1804	1822	1813	1885	1812	1867	65
1843	1865	1853	1909	1832	1850	1841	1913	1840	1895	66
1871	1893	1881	1937	1860	1878	1869	1941	1868	1923	67
1899	1921	1909	1965	1888	1906	1897	1969	1896	1951	68
1927	1949	1937	1993	1916	1934	1925	1997	1924	1979	69
1955	1977	1965	2021	1944	1962	1953	2025	1952	2007	70
1983	2005	1993	2049	1972	1990	1981	2053	1980	2035	71
2011	2033	2021	2077	2000	2018	2009	2081	2008	2063	72
2039	2061	2049	2105	2028	2046	2037	2109	2036	2091	73
2067	2089	2077	2133	2056	2074	2065	2137	2064	2119	74
2095	2117	2105	2161	2084	2102	2093	2165	2092	2147	75
2123	2145	2133	2189	2112	2130	2121	2193	2120	2175	76
2151	2173	2161	2217	2140	2158	2149	2221	2148	2203	77
2179	2201	2189	2245	2168	2186	2177	2249	2176	2231	78
2207	2229	2217	2273	2196	2214	2205	2277	2204	2259	79
2235	2257	2245	2301	2224	2242	2233	2305	2232	2287	80
2263	2285	2273	2329	2252	2270	2261	2333	2260	2315	81
2291	2313	2301	2357	2280	2298	2289	2361	2288	2343	82
2319	2341	2329	2385	2308	2326	2317	2389	2316	2371	83
2347	2369	2357	2413	2336	2354	2345	2417	2344	2399	84
2375	2397	2385	2441	2364	2382	2373	2445	2372	2427	85
2403	2425	2413	2469	2392	2410	2401	2473	2400	2455	86
2431	2453	2441	2497	2420	2438	2429	2501	2428	2483	87
2459	2481	2469	2525	2448	2466	2457	2529	2456	2511	88
2487	2509	2497	2553	2476	2494	2485	2557	2484	2539	89
2515	2537	2525	2581	2504	2522	2513	2585	2512	2567	90
2543	2565	2553	2609	2532	2550	2541	2613	2540	2595	91
2571	2593	2581	2637	2560	2578	2569	2641	2568	2623	92
2599	2621	2609	2665	2588	2606	2597	2669	2596	2651	93
2627	2649	2637	2693	2616	2634	2625	2697	2624	2679	94
2655	2677	2665	2721	2644	2662	2653	2725	2652	2707	95
2683	2705	2693	2749	2672	2690	2681	2753	2680	2735	96
2711	2733	2721	2777	2700	2718	2709	2781	2708	2763	97
2739	2761	2749	2805	2728	2746	2737	2809	2736	2791	98
2767	2789	2777	2833	2756	2774	2765	2837	2764	2819	99
2795	2817	2805	2861	2784	2802	2793	2865	2792	2847	100
2823	2845	2833	2889	2812	2830	2821	2893	2820	2875	101
2851	2873	2861	2917	2840	2858	2849	2921	2848	2903	102
2879	2901	2889	2945	2868	2886	2877	2949	2876	2931	103
2907	2929	2917	2973	2896	2914	2905	2977	2904	2959	104
2935	2957	2945	3001	2924	2942	2933	3005	2932	2987	105
2963	2985	2973	3029	2952	2970	2961	3033	2960	3015	106
2991	3013	3001	3057	2980	2998	2989	3061	2988	3043	107
3019	3041	3029	3085	3008	3026	3017	3089	3016	3071	108
3047	3069	3057	3113	3036	3054	3045	3117	3044	3099	109
3075	3097	3085	3141	3064	3082	3073	3145	3072	3127	110
3103	3125	3113	3169	3092	3110	3101	3173	3100	3155	111
3131	3153	3141	3197	3120	3138	3129	3201	3128	3183	112
3159	3181	3169	3225	3148	3166	3157	3229	3156	3211	113
3187	3209	3197	3253	3176	3194	3185	3257	3184	3239	114
3215	3237	3225	3281	3204	3222	3213	3285	3212	3267	115
3243	3265	3253	3309	3232	3250	3241	3313	3240	3295	116
3271	3293	3281	3337	3260	3278	3269	3341	3268	3323	117
3299	3321	3309	3365	3288	3306	3297	3369	3296	3351	118
3327	3349	3337	3393	3316	3334	3325	3397	3324	3379	119
3355	3377	3365	3421	3344	3362	3353	3425	3352	3407	120
3383	3405	3393	3449	3372	3390	3381	3453	3380	3435	121
3411	3433	3421	3477	3400	3418	3409	3481	3408	3463	122
3439	3461	3449	3505	3428	3446	3437	3509	3436	3491	123
3467	3489	3477	3533	3456	3474	3465	3537	3464	3519	124
3495	3517	3505	3561	3484	3502	3493	3565	3492	3547	125
3523	3545	3533	3589	3512	3530	3521	3593	3520	3575	126
3551	3573	3561	3617	3540	3558	3549	3621	3548	3603	127
3579	3601	3589	3645	3568	3586	3577	3649	3576	3631	128
3607	3629	3617	3673	3596	3614	3605	3677	3604	3659	129
3635	3657	3645	3701	3624	3642	3633	3705	3632	3687	130
3663	3685	3673	3729	3652	3670	3661	3733	3660	3715	131
3691	3713	3701	3757	3680	3698	3689	3761	3688	3743	132
3719	3741	3729	3785	3708	3726	3717	3789	3716	3771	133
3747	3769	3757	3813	3736	3754	3745	3817	3744	3799	134
3775	3797	3785	3841	3764	3782	3773	3845	3772	3827	135
3803	3825	3813	3869	3792	3810	3801	3873	3800	3855	136
3831	3853	3841	3897	3820	3838	3829	3901	3828	3883	137
3859	3881	3869	3925	3848	3866	3857	3929	3856	3911	138
3887	3909	3897	3953	3876	3894	3885	3957	3884	3939	139
3915	3937	3925	3981	3904	3922	3913	3985	3912	3967	140
3943	3965	3953	4009	3932	3950	3941	4013	3940	3995	141
3971	3993	3981	4037	3960	3978	3969	4041	3968	4023	142
3999	4021	4009	4065	3988	4006	3997	4069	3996	4051	143
4027	4049	4037	4093	4016	4034	4025	4097	4024	4079	144
4055	4077	4065	4121	4044	4062	4053	4125	4052	4107	145
4083	4105	4093	4149	4072	4090	4081	4153	4080	4135	146
4111	4133	4121	4177	4100	4118	4109	4181	4108	4163	147
4139	4161	4149	4205	4128	4146	4137	4209	4136	4191	148
4167	4189	4177	4233	4156	4174	4165	4237	4164	4219	149
4195	4217	4205	4261	4184	4202	4193	4265	4192	4247	150
4223	4245	4233	4289	4212	4230	4221	4293	4220	4275	151
4251	4273	4261	4317	4240	4258	4249	4321	4248	4303	152
4279	4301	4289	4345	4268	4286	4277	4349	4276	4331	153
4307	4329	4317	4373	4296	4314	4305	4377	4304	4359	154
4335	4357	4345	4401	4324	4342	4333	4405	4332	4387	155
4363	4385	4373	4429	4352	4370	4361	4433	4360	4415	156
4391	4413	4401	4457	4380	4398	4389	4461	4388	4443	157
4419	4441	4429	4485	4408	4426	4417	4489	4416	4471	158
4447	4469	4457	4513	4436	4454	4445	4517	4444	4499	159
4475	4497	4485	4541	4464	4482	4473	4545	4472	4527	160
4503	4525	4513	4569	4492	4510	4501	4573	4500	4555	161
4531	4553	4541	4597	4520	4538	4529	4601	4528	4583	162
4559	4581	4569	4625	4548	4566	4557	4629	4556	4611	163
4587	4609	4597	4653	4576	4594	4585	4657	4584	4639	164
4615	4637	4625	4681	4604	4622	4613	4685	4612	4667	165
4643	4665	4653	4709	4632	4650	4641	4713	4640	4695	166
4671	4693	4681	4737	4660	4678	4669	4741	4668	4723	167
4699	4721	4709	4765	4688	4706	4697	4769	4696	4751	168
4727	4749	4737	4793	4716	4734	4725	4797	4724	4779	169
4755	4777	4765	4821	4744	4762	4753	4825	4752	4807	170
4783	4805	4793	4849	4772	4790	4781	4853	4780	4835	171
4811	4833	4821	4877	4800	4818	4809	4881	4808	4863	172
4839	4861	4849	4905	4828	4846	4837	4909	4836	4891	173
4867	4889	4877	4933	4856	4874	4865	4937	4864	4919	174
4895	4917	4905	4961	4884	4902	4893	4965	4892	4947	175
4923	4945	4933	4989	4912	4930	4921	4993	4920	4975	176
4951	4973	4961	5017	4940	4958	4949	5021	4948	5003	177
4979	5001	4989	5045	4968	4986	4977	5049	4976	5031	178
5007	5029	5017	5073	4996	5014	5005	5077	5004	5059	179
5035	5057	5045	5101	5024	5042	5033	5105	5032	5087	180
5063	5085	5073	5129	5052	5070	5061	5133	5060	5115	181
5091	5113	5101	5157	5080	5098	5089	5161	5088	5143	182
5119	5141	5129	5185	5108	5126	5117	5189	5116	5171	183
5147	5169	5157	5213	5136	5154	5145	5217	5144	5199	184
5175	5197	5185	5241	5164	5182	5173	5245	5172	5227	185
5203	5225	5213	5269	5192	5210	5201	5273	5200	5255	186
5231	5253	5241	5297	5220	5238	5229	5301	5228	5283	187
5259	5281	5269	5325	5248	5266	5257	5329	5256	5311	188
5287	5309	5297	5353	5276	5294	5285	5357	5284	5339	189
5315	5337	5325	5381	5304	5322	5313	5385	5312	5367	190
5343	5365	5353	5409	5332	5350	5341	5413	5340	5395	191
5371	5393	5381	5437	5360	5378	5369	5441	5368	5423	192
5399	5421	5409	5465	5388	5406	5397	5469	5396	5451	193
5427	5449	5437	5493	5416	5434	5425	5497	5424	5479	194
5455	5477	5465	5521	5444	5462	5453	5525	5452	5507	195
5483	5505	5493	5549	5472	5490	5481	5553	5480	5535	196
5511	5533	5521	5577	5500	5518	5509	5581	5508	5563	197
5539	5561	5549	5605	5528	5546	5537	5609	5536	5591	198
5567	5589	5577	5633	5556	5574	5565	5637	5564	5619	199
5595	5617	5605	5661	5584	5602	5593	5665	5592	5647	200
5623	5645	5633	5689	5612	5630	5621	5693	5620	5675	201
5651	5673	5661	5717	5640	5658	5649	5721	5648	5703	202
5679	5701	5689	5745	5668	5686	5677	5749	5676	5731	203
5707	5729	5717	5773	5696	5714	5705	5777	5704	5759	204
5735	5757	5745	5801	5724	5742	5733	5805	5732	5787	205
5763	5785	5773	5829	5752	5770	5761	5833	5760	5815	206
5791	5813	5801	5857	5780	5798	5789	5861	5788	5843	207
5819	5841	5829	5885	5808	5826	5817	5889	5816	5871	208
5847	5869	5857	5913	5836	5854	5845	5917	5844	5899	209
5875	5897	5885	5941	5864	5882	5873	5945	5872	5927	210
5903	5925	5913	5969	5892	5910	5901	5973	5900	5955	211
5931	5953	5941	5997	5920	5938	5929	6001	5928	5983	212
5959	5981	5969	6025	5948	5966	5957	6029	5956	6011	213
5987	6009	5997	6053	5976	5994	5985	6057	5984	6039	214
6015	6037	6025	6081	6004	6022	6013	6085	6012	6067	215
6043	6065	6053	6109	6032	6050	6041	6113	6040	6095	216
6071	6093	6081	6137	6060	6078	6069	6141	6068	6123	217
6099	6121	6109	6165	6088	6106	6097	6169	6096	6151	218
6127	6149	6137	6193	6116	6134	6125	6197	6124	6179	219
6155	6177	6165	6221	6144	6162	6153	6225	6152	6207	220
6183	6205	6193	6249	6172	6190	6181	6253	6180	6235	221
6211	6233	6221	6277	6200	6218	6209	6281	6208	6263	222
6239	6261	6249	6305	6228	6246	6237	6309	6236	6291	223
6267	6289	6277	6333	6256	6274	6265	6337	6264	6319	224
6295	6317	6305	6361	6284	6302	6293	6365	6292	6347	225
6323	6345	6333	6389	6312	6330	6321	6393	6320	6375	226
6351	6373	6361	6417	6340	6358	6349	6421	6348	6403	227
6379	6401	6389	6445	6368	6386	6377	6449	6376	6431	228
6407	6429	6417	6473	6396	6414	6405	6477	6404	6459	229
6435	6457	6445	6501	6424	6442	6433	6505	6432	6487	230
6463	6485	6473	6529	6452	6470	6461	6533	6460	6515	231
6491	6513	6501	6557	6480	6498	6489	6561	6488	6543	232
6519	6541	6529	6585	6508	6526	6517	6589	6516	6571	233
6547	6569	6557	6613	6536	6554	6545	6617	6544	6599	234
6575	6597	6585	6641	6564	6582	6573	6645	6572	6627	235
6603	6625	6613	6669	6592	6610	6601	6673	6600	6655	236
6631	6653	6641	6697	6620	6638	6629	6701	6628	6683	237
6659	6681	6669	6725	6648	6666	6657	6729	6656	6711	238
6687	6709	6697	6753	6676	6694	6685	6757	6684	6739	239
6715	6737	6725	6781	6704	6722	6713	6785	6712	6767	240
6743	6765	6753	6809	6732	6750	6741	6813	6740	6795	241
6771	6793	6781	6837	6760	6778	6769	6841	6768	6823	242
6799	6821	6809	6865	6788	6806	6797	6869	6796	6851	243
6827	6849	6837	6893	6816	6834	6825	6897	6824	6879	244
6855	6877	6865	6921	6844	6862	6853	6925	6852	6907	245
6883	6905	6893	6949	6872	6890	6881	6953	6880	6935	246
6911	6933	6921	6977	6900	6918	6909	6981	6908	6963	247
6939	6961	6949	7005	6928	6946	6937	7009	6936	6991	248
6967	6989	6977	7033	6956	6974	6965	7037	6964	7019	249
6995	7017	7005	7061	6984	7002	6993	7065	6992	7047	250
7023	7045	7033	7089	7012	7030	7021	7093	7020	7075	251
7051	7073	7061	7117	7040	7058	7049	7121	7048	7103	252
7079	7101	7089	7145	7068	7086	7077	7149	7076	7131	253
7107	7129	7117	7173	7096	7114	7105	7177	7104	7159	254
7135	7157	7145	7201	7124	7142	7133	7205	7132	7187	255
7163	7185	7173	7229	7152	7170	7161	7233	7160	7215	256
7191	7213	7201	7257	7180	7198	7189	7261	7188	7243	257
7219	7241	7229	7285	7208	7226	7217	7289	7216	7271	258
7247	7269	7257	7313	7236	7254	7245	7317	7244	7299	259
7275	7297	7285	7341	7264	7282	7273	7345	7272	7327	260
7303	7325	7313	7369	7292	7310	7301	7373	7300	7355	261
7331	7353	7341	7397	7320	7338	7329	7401	7328	7383	262
7359	7381	7369	7425	7348	7366	7357	7429	7356	7411	263
7387	7409	7397	7453	7376	7394	7385	7457	7384	7439	264
7415	7437	7425	7481	7404	7422	7413	7485	7412	7467	265
7443	7465	7453	7509	7432	7450	7441	7513	7440	7495	266
7471	7493	7481	7537	7460	7478	7469	7541	7468	7523	267
7499	7521	7509	7565	7488	7506	7497	7569	7496	7551	268
7527	7549	7537	7593	7516	7534	7525	7597	7524	7579	269
7555	7577	7565	7621	7544	7562	7553	7625	7552	7607	270
7583	7605	7593	7649	7572	7590	7581	7653	7580	7635	271
7611	7633	7621	7677	7600	7618	7609	7681	7608	7663	272
7639	7661	7649	7705	7628	7646	7637	7709	7636	7691	273
7667	7689	7677	7733	7656	7674	7665	7737	7664	7719	274
7695	7717	7705	7761	7684	7702	7693	7765	7692	7747	275
7723	7745	7733	7789	7712	7730	7721	7793	7720	7775	276
7751	7773	7761	7817	7740	7758	7749	7821	7748	7803	277
7779	7801	7789	7845	7768	7786	7777	7849	7776	7831	278
7807	7829	7817	7873	7796	7814	7805	7877	7804	7859	279
7835	7857	7845	7901	7824	7842	7833	7905	7832	7887	280
7863	7885	7873	7929	7852	7870	7861	7933	7860	7915	281
7891	7913	7901	7957	7880	7898	7889	7961	7888	7943	282
7919	7941	7929	7985	7908	7926	7917	7989	7916	7971	283
7947	7969	7957	8013	7936	7954	7945	8017	7944	7999	284
7975	7997	7985	8041	7964	7982	7973	8045	7972	8027	285
8003	8025	8013	8069	7992	8010	8001	8073	8000	8055	286
8031	8053	8041	8097	8020	8038	8029	8101	8028	8083	287
8059	8081	8069	8125	8048	8066	8057	8129	8056	8111	288
8087	8109	8097	8153	8076	8094	8085	8157	8084	8139	289
8115	8137	8125	8181	8104	8122	8113	8185	8112	8167	290
8143	8165	8153	8209	8132	8150	8141	8213	8140	8195	291
8171	8193	8181	8237	8160	8178	8169	8241	8168	8223	292
8199	8221	8209	8265	8188	8206	8197	8269	8196	8251	293
8227	8249	8237	8293	8216	8234	8225	8297	8224	8279	294
8255	8277	8265	8321	8244	8262	8253	8325	8252	8307	295
8283	8305	8293	8349	8272	8290	8281	8353	8280	8335	296
8311	8333	8321	8377	8300	8318	8309	8381	8308	8363	297
8339	8361	8349	8405	8328	8346	8337	8409	8336	8391	298
8367	8389	8377	8433	8356	8374	8365	8437	8364	8419	299
8395	8417	8405	8461	8384	8402	8393	8465	8392	8447	300
8423	8445	8433	8489	8412	8430	8421	8493	8420	8475	301
8451	8473	8461	8517	8440	8458	8449	8521	8448	8503	302
8479	8501	8489	8545	8468	8486	8477	8549	8476	8531	303
8507	8529	8517	8573	8496	8514	8505	8577	8504	8559	304
8535	8557	8545	8601	8524	8542	8533	8605	8532	8587	305
8563	8585	8573	8629	8552	8570	8561	8633	8560	8615	306
8591	8613	8601	8657	8580	8598	8589	8661	8588	8643	307
8619	8641	8629	8685	8608	8626	8617	8689	8616	8671	308
8647	8669	8657	8713	8636	8654	8645	8717	8644	8699	309
8675	8697	8685	8741	8664	8682	8673	8745	8672	8727	310
8703	8725	8713	8769	8692	8710	8701	8773	8700	8755	311
8731	8753	8741	8797	8720	8738	8729	8801	8728	8783	312
8759	8781	8769	8825	8748	8766	8757	8829	8756	8811	313
8787	8809	8797	8853	8776	8794	8785	8857	8784	8839	314
8815	8837	8825	8881	8804	8822	8813	8885	8812	8867	315
8843	8865	8853	8909	8832	8850	8841	8913	8840	8895	316
8871	8893	8881	8937	8860	8878	8869	8941	8868	8923	317
8899	8921	8909	8965	8888	8906	8897	8969	8896	8951	318
8927	8949	8937	8993	8916	8934	8925	8997	8924	8979	319
8955	8977	8965	9021	8944	8962	8953	9025	8952	9007	320
8983	9005	8993	9049	8972	8990	8981	9053	8980	9035	321
9011	9033	9021	9077	9000	9018	9009	9081	9008	9063	322
9039	9061	9049	9105	9028	9046	9037	9109	9036	9091	323
9067	9089	9077	9133	9056	9074	9065	9137	9064	9119	324
9095	9117	9105	9161	9084	9102	9093	9165	9092	9147	325
9123	9145	9133	9189	9112	9130	9121	9193	9120	9175	326
9151	9173	9161	9217	9140	9158	9149	9221	9148	9203	327
9179	9201	9189	9245	9168	9186	9177	9249	9176	9231	328
9207	9229	9217	9273	9196	9214	9205	9277	9204	9259	329
9235	9257	9245	9301	9224	9242	9233	9305	9232	9287	330
9263	9285	9273	9329	9252	9270	9261	9333	9260	9315	331
9291	9313	9301	9357	9280	9298	9289	9361	9288	9343	332
9319	9341	9329	9385	9308	9326	9317	9389	9316	9371	333
9347	9369	9357	9413	9336	9354	9345	9417	9344	9399	334
9375	9397	9385	9441	9364	9382	9373	9445	9372	9427	335
9403	9425	9413	9469	9392	9410	9401	9473	9400	9455	336
9431	9453	9441	9497	9420	9438	9429	9501	9428	9483	337
9459	9481	9469	9525	9448	9466	9457	9529	9456	9511	338
9487	9509	9497	9553	9476	9494	9485	9557	9484	9539	339
9515	9537	9525	9581	9504	9522	9513	9585	9512	9567	340
9543	9565	9553	9609	9532	9550	9541	9613	9540	9595	341
9571	9593	9581	9637	9560	9578	9569	9641	9568	9623	342
9599	9621	9609	9665	9588	9606	9597	9669	9596	9651	343
9627	9649	9637	9693	9616	9634	9625	9697	9624	9679	344
9655	9677	9665	9721	9644	9662	9653	9725	9652	9707	345
9683	9705	9693	9749	9672	9690	9681	9753	9680	9735	346
9711	9733	9721	9777	9700	9718	9709	9781	9708	9763	347
9739	9761	9749	9805	9728	9746	9737	9809	9736	9791	348
9767	9789	9777	9833	9756	9774	9765	9837	9764	9819	349
9795	9817	9805	9861	9784	9802	9793	9865	9792	9847	350
9823	9845	9833	9889	9812	9830	9821	9893	9820	9875	351
9851	9873	9861	9917	9840	9858	9849	9921	9848	9903	352
9879	9901	9889	9945	9868	9886	9877	9949	9876	9931	353
9907	9929	9917	9973	9896	9914	9905	9977	9904	9959	354
9935	9957	9945	10001	9924	9942	9933	10005	9932	9987	355
9963	9985	9973	10029	9952	9970	9961	10033	9960	10015	356
9991	10013	10001	10057	9980	9998	9989	10061	9988	10043	357
10019	10041	10029	10085	10008	10026	10017	10089	10016	10071	358
10047	10069	10057	10113	10036	10054	10045	10117	10044	10099	359
10075	10097	10085	10141	10064	10082	10073	10145	10072	10127	360
10103	10125	10113	10169	10092	10110	10101	10173	10100	10155	361
10131	10153	10141	10197	10120	10138	10129	10201	10128	10183	362
10159	10181	10169	10225	10148	10166	10157	10229	10156	10211	363
10187	10209	10197	10253	10176	10194	10185	10257	10184	10239	364
10215	10237	10225	10281	10204	10222	10213	10285	10212	10267	365
10243	10265	10253	10309	10232	10250	10241	10313	10240	10295	366
10271	10293	10281	10337	10260	10278	10269	10341	10268	10323	367
10299	10321	10309	10365	10288	10306	10297	10369	10296	10351	368
10327	10349	10337	10393	10316	10334	10325	10397	10324	10379	369
10355	10377	10365	10421	10344	10362	10353	10425	10352	10407	370
10383	10405	10393	10449	10372	10390	10381	10453	10380	10435	371
10411	10433	10421	10477	10400	10418	10409	10481	10408	10463	372
10439	10461	10449	10505	10428	10446	10437	10509	10436	10491	373
10467	10489	10477	10533	10456	10474	10465	10537	10464	10519	374
10495	10517	10505	10561	10484	10502	10493	10565	10492	10547	375
10523	10545	10533	10589	10512	10530	10521	10593	10520	10575	376
10551	10573	10561	10617	10540	10558	10549	10621	10548	10603	377
10579	10601	10589	10645	10568	10586	10577	10649	10576	10631	378
10607	10629	10617	10673	10596	10614	10605	10677	10604	10659	379
10635	10657	10645	10701	10624	10642	10633	10705	10632	10687	380
10663	10685	10673	10729	10652	10670	10661	10733	10660	10715	381
10691	10713	10701	10757	10680	10698	10689	10761	10688	10743	382
10719	10741	10729	10785	10708	10726	10717	10789	10716	10771	383
10747	10769	10757	10813	10736	10754	10745	10817	10744	10799	384
10775	10797	10785	10841	10764	10782	10773	10845	10772	10827	385
10803	10825	10813	10869	10792	10810	10801	10873	10800	10855	386
10831	10853	10841	10897	10820	10838	10829	10901	10828	10883	387
10859	10881	10869	10925	10848	10866	10857	10929	10856	10911	388
10887	10909	10897	10953	10876	10894	10885	10957	10884	10939	389
10915	10937	10925	10981	10904	10922	10913	10985	10912	10967	390
10943	10965	10953	11009	10932	10950	10941	11013	10940	10995	391
10971	10993	10981	11037	10960	10978	10969	11041	10968	11023	392
10999	11021	11009	11065	10988	11006	10997	11069	10996	11051	393
11027	11049	11037	11093	11016	11034	11025	11097	11024	11079	394
11055	11077	11065	11121	11044	11062	11053	11125	11052	11107	395
11083	11105	11093	11149	11072	11090	11081	11153	11080	11135	396
11111	11133	11121	11177	11100	11118	11109	11181	11108	11163	397
11139	11161	11149	11205	11128	11146	11137	11209	11136	11191	398
11167	11189	11177	11233	11156	11174	11165	11237	11164	11219	399
11195	11217	11205	11261	11184	11202	11193	11265	11192	11247	400
11223	11245	11233	11289	11212	11230	11221	11293	11220	11275	401
11251	11273	11261	11317	11240	11258	11249	11321	11248	11303	402
11279	11301	11289	11345	11268	11286	11277	11349	11276	11331	403
11307	11329	11317	11373	11296	11314	11305	11377	11304	11359	404
11335	11357	11345	11401	11324	11342	11333	11405	11332	11387	405
11363	11385	11373	11429	11352	11370	11361	11433	11360	11415	406
11391	11413	11401	11457	11380	11398	11389	11461	11388	11443	407
11419	11441	11429	11485	11408	11426	11417	11489	11416	11471	408
11447	11469	11457	11513	11436	11454	11445	11517	11444	11499	409
11475	11497	11485	11541	11464	11482	11473	11545	11472	11527	410
11503	11525	11513	11569	11492	11510	11501	11573	11500	11555	411
11531	11553	11541	11597	11520	11538	11529	11601	11528	11583	412
11559	11581	11569	11625	11548	11566	11557	11629	11556	11611	413
11587	11609	11597	11653	11576	11594	11585	11657	11584	11639	414
11615	11637	11625	11681	11604	11622	11613	11685	11612	11667	415
11643	11665	11653	11709	11632	11650	11641	11713	11640	11695	416
11671	11693	11681	11737	11660	11678	11669	11741	11668	11723	417
11699	11721	11709	11765	11688	11706	11697	11769	11696	11751	418
11727	11749	11737	11793	11716	11734	11725	11797	11724	11779	419
11755	11777	11765	11821	11744	11762	11753	11825	11752	11807	420
11783	11805	11793	11849	11772	11790	11781	11853	11780	11835	421
11811	11833	11821	11877	11800	11818	11809	11881	11808	11863	422
11839	11861	11849	11905	11828	11846	11837	11909	11836	11891	423
11867	11889	11877	11933	11856	11874	11865	11937	11864	11919	424
11895	11917	11905	11961	11884	11902	11893	11965	11892	11947	425
11923	11945	11933	11989	11912	11930	11921	11993	11920	11975	426
11951	11973	11961	12017	11940	11958	11949	12021	11948	12003	427
11979	12001	11989	12045	11968	11986	11977	12049	11976	12031	428
12007	12029	12017	12073	11996	12014	12005	12077	12004	12059	429
12035	12057	12045	12101	12024	12042	12033	12105	12032	12087	430
12063	12085	12073	12129	12052	12070	12061	12133	12060	12115	431
12091	12113	12101	12157	12080	12098	12089	12161	12088	12143	432
12119	12141	12129	12185	12108	12126	12117	12189	12116	12171	433
12147	12169	12157	12213	12136	12154	12145	12217	12144	12199	434
12175	12197	12185	12241	12164	12182	12173	12245	12172	12227	435
12203	12225	12213	12269	12192	12210	12201	12273	12200	12255	436
12231	12253	12241	12297	12220	12238	12229	12301	12228	12283	437
12259	12281	12269	12325	12248	12266	12257	12329	12256	12311	438
12287	12309	12297	12353	12276	12294	12285	12357	12284	12339	439
12315	12337	12325	12381	12304	12322	12313	12385	12312	12367	440
12343	12365	12353	12409	12332	12350	12341	12413	12340	12395	441
12371	12393	12381	12437	12360	12378	12369	12441	12368	12423	442
12399	12421	12409	12465	12388	12406	12397	12469	12396	12451	443
12427	12449	12437	12493	12416	12434	12425	12497	12424	12479	444
12455	12477	12465	12521	12444	12462	12453	12525	12452	12507	445
12483	12505	12493	12549	12472	12490	12481	12553	12480	12535	446
12511	12533	12521	12577	12500	12518	12509	12581	12508	12563	447
12539	12561	12549	12605	12528	12546	12537	12609	12536	12591	448
12567	12589	12577	12633	12556	12574	12565	12637	12564	12619	449
12595	12617	12605	12661	12584	12602	12593	12665	12592	12647	450
12623	12645	12633	12689	12612	12630	12621	12693	12620	12675	451
12651	12673	12661	12717	12640	12658	12649	12721	12648	12703	452
12679	12701	12689	12745	12668	12686	12677	12749	12676	12731	453
12707	12729	12717	12773	12696	12714	12705	12777	12704	12759	454
12735	12757	12745	12801	12724	12742	12733	12805	12732	12787	455
12763	12785	12773	12829	12752	12770	12761	12833	12760	12815	456
12791	12813	12801	12857	12780	12798	12789	12861	12788	12843	457
12819	12841	12829	12885	12808	12826	12817	12889	12816	12871	458
12847	12869	12857	12913	12836	12854	12845	12917	12844	12899	459
12875	12897	12885	12941	12864	12882	12873	12945	12872	12927	460
12903	12925	12913	12969	12892	12910	12901	12973	12900	12955	461
12931	12953	12941	12997	12920	12938	12929	13001	12928	12983	462
12959	12981	12969	13025	12948	12966	12957	13029	12956	13011	463
12987	13009	12997	13053	12976	12994	12985	13057	12984	13039	464
13015	13037	13025	13081	13004	13022	13013	13085	13012	13067	465
13043	13065	13053	13109	13032	13050	13041	13113	13040	13095	466
13071	13093	13081	13137	13060	13078	13069	13141	13068	13123	467
13099	13121	13109	13165	13088	13106	13097	13169	13096	13151	468
13127	13149	13137	13193	13116	13134	13125	13197	13124	13179	469
13155	13177	13165	13221	13144	13162	13153	13225	13152	13207	470
13183	13205	13193	13249	13172	13190	13181	13253	13180	13235	471
13211	13233	13221	13277	13200	13218	13209	13281	13208	13263	472
13239	13261	13249	13305	13228	13246	13237	13309	13236	13291	473
13267	13289	13277	13333	13256	13274	13265	13337	13264	13319	474
13295	13317	13305	13361	13284	13302	13293	13365	13292	13347	475
13323	13345	13333	13389	13312	13330	13321	13393	13320	13375	476
13351	13373	13361	13417	13340	13358	13349	13421	13348	13403	477
13379	13401	13389	13445	13368	13386	13377	13449	13376	13431	478
13407	13429	13417	13473	13396	13414	13405	13477	13404	13459	479
13435	13457	13445	13501	13424	13442	13433	13505	13432	13487	480
13463	13485	13473	13529	13452	13470	13461	13533	13460	13515	481
13491	13513	13501	13557	13480	13498	13489	13561	13488	13543	482
13519	13541	13529	13585	13508	13526	13517	13589	13516	13571	483
13547	13569	13557	13613	13536	13554	13545	13617	13544	13599	484
13575	13597	13585	13641	13564	13582	13573	13645	13572	13627	485
13603	13625	13613	13669	13592	13610	13601	13673	13600	13655	486
13631	13653	13641	13697	13620	13638	13629	13701	13628	13683	487
13659	13681	13669	13725	13648	13666	13657	13729	13656	13711	488
13687	13709	13697	13753	13676	13694	13685	13757	13684	13739	489
13715	13737	13725	13781	13704	13722	13713	13785	13712	13767	490
13743	13765	13753	13809	13732	13750	13741	13813	13740	13795	491
13771	13793	13781	13837	13760	13778	13769	13841	13768	13823	492
13799	13821	13809	13865	13788	13806	13797	13869	13796	13851	493
13827	13849	13837	13893	13816	13834	13825	13897	13824	13879	494
13855	13877	13865	13921	13844	13862	13853	13925	13852	13907	495
13883	13905	13893	13949	13872	13890	13881	13953	13880	13935	496
13911	13933	13921	13977	13900	13918	13909	13981	13908	13963	497
13939	13961	13949	14005	13928	13946	13937	14009	13936	13991	498
13967	13989	13977	14033	13956	13974	13965	14037	13964	14019	499
13995	14017	14005	14061	13984	14002	13993	14065	13992	14047	500
14023	14045	14033	14089	14012	14030	14021	14093	14020	14075	501
14051	14073	14061	14117	14040	14058	14049	14121	14048	14103	502
14079	14101	14089	14145	14068	14086	14077	14149	14076	14131	503
14107	14129	14117	14173	14096	14114	14105	14177	14104	14159	504
14135	14157	14145	14201	14124	14142	14133	14205	14132	14187	505
14163	14185	14173	14229	14152	14170	14161	14233	14160	14215	506
14191	14213	14201	14257	14180	14198	14189	14261	14188	14243	507
14219	14241	14229	14285	14208	14226	14217	14289	14216	14271	508
14247	14269	14257	14313	14236	14254	14245	14317	14244	14299	509
14275	14297	14285	14341	14264	14282	14273	14345	14272	14327	510
14303	14325	14313	14369	14292	14310	14301	14373	14300	14355	511
14331	14353	14341	14397	14320	14338	14329	14401	14328	14383	512
14359	14381	14369	14425	14348	14366	14357	14429	14356	14411	513
14387	14409	14397	14453	14376	14394	14385	14457	14384	14439	514
14415	14437	14425	14481	14404	14422	14413	14485	14412	14467	515
14443	14465	14453	14509	14432	14450	14441	14513	14440	14495	516
14471	14493	14481	14537	14460	14478	14469	14541	14468	14523	517
14499	14521	14509	14565	14488	14506	14497	14569	14496	14551	518
14527	14549	14537	14593	14516	14534	14525	14597	14524	14579	519
14555	14577	14565	14621	14544	14562	14553	14625	14552	14607	520
14583	14605	14593	14649	14572	14590	14581	14653	14580	14635	521
14611	14633	14621	14677	14600	14618	14609	14681	14608	14663	522
14639	14661	14649	14705	14628	14646	14637	14709	14636	14691	523
14667	14689	14677	14733	14656	14674	14665	14737	14664	14719	524
14695	14717	14705	14761	14684	14702	14693	14765	14692	14747	525
14723	14745	14733	14789	14712	14730	14721	14793	14720	14775	526
14751	14773	14761	14817	14740	14758	14749	14821	14748	14803	527
14779	14801	14789	14845	14768	14786	14777	14849	14776	14831	528
14807	14829	14817	14873	14796	14814	14805	14877	14804	14859	529
14835	14857	14845	14901	14824	14842	14833	14905	14832	14887	530
14863	14885	14873	14929	14852	14870	14861	14933	14860	14915	531
14891	14913	14901	14957	14880	14898	14889	14961	14888	14943	532
14919	14941	14929	14985	14908	14926	14917	14989	14916	14971	533
14947	14969	14957	15013	14936	14954	14945	15017	14944	14999	534
14975	14997	14985	15041	14964	14982	14973	15045	14972	15027	535
15003	15025	15013	15069	14992	15010	15001	15073	15000	15055	536
15031	15053	15041	15097	15020	15038	15029	15101	15028	15083	537
15059	15081	15069	15125	15048	15066	15057	15129	15056	15111	538
15087	15109	15097	15153	15076	15094	15085	15157	15084	15139	539
15115	15137	15125	15181	15104	15122	15113	15185	15112	15167	540
15143	15165	15153	15209	15132	15150	15141	15213	15140	15195	541
15171	15193	15181	15237	15160	15178	15169	15241	15168	15223	542
15199	15221	15209	15265	15188	15206	15197	15269	15196	15251	543
15227	15249	15237	15293	15216	15234	15225	15297	15224	15279	544
15255	15277	15265	15321	15244	15262	15253	15325	15252	15307	545
15283	15305	15293	15349	15272	15290	15281	15353	15280	15335	546
15311	15333	15321	15377	15300	15318	15309	15381	15308	15363	547
15339	15361	15349	15405	15328	15346	15337	15409	15336	15391	548
15367	15389	15377	15433	15356	15374	15365	15437	15364	15419	549
15395	15417	15405	15461	15384	15402	15393	15465	15392	15447	550
15423	15445	15433	15489	15412	15430	15421	15493	15420	15475	551
15451	15473	15461	15517	15440	15458	15449	15521	15448	15503	552
15479	15501	15489	15545	15468	15486	15477	15549	15476	15531	553
15507	15529	15517	15573	15496	15514	15505	15577	15504	15559	554
15535	15557	15545	15601	15524	15542	15533	15605	15532	15587	555
15563	15585	15573	15629	15552	15570	15561	15633	15560	15615	556
15591	15613	15601	15657	15580	15598	15589	15661	15588	15643	557
15619	15641	15629	15685	15608	15626	15617	15689	15616	15671	558
15647	15669	15657	15713	15636	15654	15645	15717	15644	15699	559
15675	15697	15685	15741	15664	15682	15673	15745	15672	15727	560
15703	15725	15713	15769	15692	15710	15701	15773	15700	15755	561
15731	15753	15741	15797	15720	15738	15729	15801	15728	15783	562
15759	15781	15769	15825	15748	15766	15757	15829	15756	15811	563
15787	15809	15797	15853	15776	15794	15785	15857	15784	15839	564
15815	15837	15825	15881	15804	15822	15813	15885	15812	15867	565
15843	15865	15853	15909	15832	15850	15841	15913	15840	15895	566
15871	15893	15881	15937	15860	15878	15869	15941	15868	15923	567
15899	15921	15909	15965	15888	15906	15897	15969	15896	15951	568
15927	15949	15937	15993	15916	15934	15925	15997	15924	15979	569
15955	15977	15965	16021	15944	15962	15953	16025	15952	16007	570
15983	16005	15993	16049	15972	15990	15981	16053	15980	16035	571
16011	16033	16021	16077	16000	16018	16009	16081	16008	16063	572
16039	16061	16049	16105	16028	16046	16037	16109	16036	16091	573
16067	16089	16077	16133	16056	16074	16065	16137	16064	16119	574
16095	16117	16105	16161	16084	16102	16093	16165	16092	16147	575
16123	16145	16133	16189	16112	16130	16121	16193	16120	16175	576
16151	16173	16161	16217	16140	16158	16149	16221	16148	16203	577
16179	16201	16189	16245	16168	16186	16177	16249	16176	16231	578
16207	16229	16217	16273	16196	16214	16205	16277	16204	16259	579
16235	16257	16245	16301	16224	16242	16233	16305	16232	16287	580
16263	16285	16273	16329	16252	16270	16261	16333	16260	16315	581
16291	16313	16301	16357	16280	16298	16289	16361	16288	16343	582
16319	16341	16329	16385	16308	16326	16317	16389	16316	16371	583
16347	16369	16357	16413	16336	16354	16345	16417	16344	16399	584
16375	16397	16385	16441	16364	16382	16373	16445	16372	16427	585
16403	16425	16413	16469	16392	16410	16401	16473	16400	16455	586
16431	16453	16441	16497	16420	16438	16429	16501	16428	16483	587
16459	16481	16469	16525	16448	16466	16457	16529	16456	16511	588
16487	16509	16497	16553	16476	16494	16485	16557	16484	16539	589
16515	16537	16525	16581	16504	16522	16513	16585	16512	16567	590
16543	16565	16553	16609	16532	16550	16541	16613	16540	16595	591
16571	16593	16581	16637	16560	16578	16569	16641	16568	16623	592
16599	16621	16609	16665	16588	16606	16597	16669	16596	16651	593
16627	16649	16637	16693	16616	16634	16625	16697	16624	16679	594
16655	16677	16665	16721	16644	16662	16653	16725	16652	16707	595
16683	16705	16693	16749	16672	16690	16681	16753	16680	16735	596
16711	16733	16721	16777	16700	16718	16709	16781	16708	16763	597
16739	16761	16749	16805	16728	16746	16737	16809	16736	16791	598
16767	16789	16777	16833	16756	16774	16765	16837	16764	16819	599
16795	16817	16805	16861	16784	16802	16793	16865	16792	16847	600
16823	16845	16833	16889	16812	16830	16821	16893	16820	16875	601
16851	16873	16861	16917	16840	16858	16849	16921	16848	16903	602
16879	16901	16889	16945	16868	16886	16877	16949	16876	16931	603
16907	16929	16917	16973	16896	16914	16905	16977	16904	16959	604
16935	16957	16945	17001	16924	16942	16933	17005	16932	16987	605
16963	16985	16973	17029	16952	16970	16961	17033	16960	17015	606
16991	17013	17001	17057	16980	16998	16989	17061	16988	17043	607
17019	17041	17029	17085	17008	17026	17017	17089	17016	17071	608
17047	17069	17057	17113	17036	17054	17045	17117	17044	17099	609
17075	17097	17085	17141	17064	17082	17073	17145	17072	17127	610
17103	17125	17113	17169	17092	17110	17101	17173	17100	17155	611
17131	17153	17141	17197	17120	17138	17129	17201	17128	17183	612
17159	17181	17169	17225	17148	17166	17157	17229	17156	17211	613
17187	17209	17197	17253	17176	17194	17185	17257	17184	17239	614
17215	17237	17225	17281	17204	17222	17213	17285	17212	17267	615
17243	17265	17253	17309	17232	17250	17241	17313	17240	17295	616
17271	17293	17281	17337	17260	17278	17269	17341	17268	17323	617
17299	17321	17309	17365	17288	17306	17297	17369	17296	17351	618
17327	17349	17337	17393	17316	17334	17325	17397	17324	17379	619
17355	17377	17365	17421	17344	17362	17353	17425	17352	17407	620
17383	17405	17393	17449	17372	17390	17381	17453	17380	17435	621
17411	17433	17421	17477	17400	17418	17409	17481	17408	17463	622
17439	17461	17449	17505	17428	17446	17437	17509	17436	17491	623
17467	17489	17477	17533	17456	17474	17465	17537	17464	17519	624
17495	17517	17505	17561	17484	17502	17493	17565	17492	17547	625
17523	17545	17533	17589	17512	17530	17521	17593	17520	17575	626
17551	17573	17561	17617	17540	17558	17549	17621	17548	17603	627
17579	17601	17589	17645	17568	17586	17577	17649	17576	17631	628
17607	17629	17617	17673	17596	17614	17605	17677	17604	17659	629
17635	17657	17645	17701	17624	17642	17633	17705	17632	17687	630
17663	17685	17673	17729	17652	17670	17661	17733	17660	17715	631
17691	17713	17701	17757	17680	17698	17689	17761	17688	17743	632
17719	17741	17729	17785	17708	17726	17717	17789	17716	17771	633
17747	17769	17757	17813	17736	17754	17745	17817	17744	17799	634
17775	17797	17785	17841	17764	17782	17773	17845	17772	17827	635
17803	17825	17813	17869	17792	17810	17801	17873	17800	17855	636
17831	17853	17841	17897	17820	17838	17829	17901	17828	17883	637
17859	17881	17869	17925	17848	17866	17857	17929	17856	17911	638
17887	17909	17897	17953	17876	17894	17885	17957	17884	17939	639
17915	17937	17925	17981	17904	17922	17913	17985	17912	17967	640
17943	17965	17953	18009	17932	17950	17941	18013	17940	17995	641
17971	17993	17981	18037	17960	17978	17969	18041	17968	18023	642
17999	18021	18009	18065	17988	18006	17997	18069	17996	18051	643
18027	18049	18037	18093	18016	18034	18025	18097	18024	18079	644
18055	18077	18065	18121	18044	18062	18053	18125	18052	18107	645
18083	18105	18093	18149	18072	18090	18081	18153	18080	18135	646
18111	18133	18121	18177	18100	18118	18109	18181	18108	18163	647
18139	18161	18149	18205	18128	18146	18137	18209	18136	18191	648
18167	18189	18177	18233	18156	18174	18165	18237	18164	18219	649
18195	18217	18205	18261	18184	18202	18193	18265	18192	18247	650
18223	18245	18233	18289	18212	18230	18221	18293	18220	18275	651
18251	18273	18261	18317	18240	18258	18249	18321	18248	18303	652
18279	18301	18289	18345	18268	18286	18277	18349	18276	18331	653
18307	18329	18317	18373	18296	18314	18305	18377	18304	18359	654
18335	18357	18345	18401	18324	18342	18333	18405	18332	18387	655
18363	18385	18373	18429	18352	18370	18361	18433	18360	18415	656
18391	18413	18401	18457	18380	18398	18389	18461	18388	18443	657
18419	18441	18429	18485	18408	18426	18417	18489	18416	18471	658
18447	18469	18457	18513	18436	18454	18445	18517	18444	18499	659
18475	18497	18485	18541	18464	18482	18473	18545	18472	18527	660
18503	18525	18513	18569	18492	18510	18501	18573	18500	18555	661
18531	18553	18541	18597	18520	18538	18529	18601	18528	18583	662
18559	18581	18569	18625	18548	18566	18557	18629	18556	18611	663
18587	18609	18597	18653	18576	18594	18585	18657	18584	18639	664
18615	18637	18625	18681	18604	18622	18613	18685	18612	18667	665
18643	18665	18653	18709	18632	18650	18641	18713	18640	18695	666
18671	18693	18681	18737	18660	18678	18669	18741	18668	18723	667
18699	18721	18709	18765	18688	18706	18697	18769	18696	18751	668
18727	18749	18737	18793	18716	18734	18725	18797	18724	18779	669
18755	18777	18765	18821	18744	18762	18753	18825	18752	18807	670
18783	18805	18793	18849	18772	18790	18781	18853	18780	18835	671
18811	18833	18821	18877	18800	18818	18809	18881	18808	18863	672
18839	18861	18849	18905	18828	18846	18837	18909	18836	18891	673
18867	18889	18877	18933	18856	18874	18865	18937	18864	18919	674
18895	18917	18905	18961	18884	18902	18893	18965	18892	18947	675
18923	18945	18933	18989	18912	18930	18921	18993	18920	18975	676
18951	18973	18961	19017	18940	18958	18949	19021	18948	19003	677
18979	19001	18989	19045	18968	18986	18977	19049	18976	19031	678
19007	19029	19017	19073	18996	19014	19005	19077	19004	19059	679
19035	19057	19045	19101	19024	19042	19033	19105	19032	19087	680
19063	19085	19073	19129	19052	19070	19061	19133	19060	19115	681
19091	19113	19101	19157	19080	19098	19089	19161	19088	19143	682
19119	19141	19129	19185	19108	19126	19117	19189	19116	19171	683
19147	19169	19157	19213	19136	19154	19145	19217	19144	19199	684
19175	19197	19185	19241	19164	19182	19173	19245	19172	19227	685
19203	19225	19213	19269	19192	19210	19201	19273	19200	19255	686
19231	19253	19241	19297	19220	19238	19229	19301	19228	19283	687
19259	19281	19269	19325	19248	19266	19257	19329	19256	19311	688
19287	19309	19297	19353	19276	19294	19285	19357	19284	19339	689
19315	19337	19325	19381	19304	19322	19313	19385	19312	19367	690
19343	19365	19353	19409	19332	19350	19341	19413	19340	19395	691
19371	19393	19381	19437	19360	19378	19369	19441	19368	19423	692
19399	19421	19409	19465	19388	19406	19397	19469	19396	19451	693
19427	19449	19437	19493	19416	19434	19425	19497	19424	19479	694
19455	19477	19465	19521	19444	19462	19453	19525	19452	19507	695
19483	19505	19493	19549	19472	19490	19481	19553	19480	19535	696
19511	19533	19521	19577	19500	19518	19509	19581	19508	19563	697
19539	19561	19549	19605	19528	19546	19537	19609	19536	19591	698
19567	19589	19577	19633	19556	19574	19565	19637	19564	19619	699
19595	19617	19605	19661	19584	19602	19593	19665	19592	19647	700
19623	19645	19633	19689	19612	19630	19621	19693	19620	19675	701
19651	19673	19661	19717	19640	19658	19649	19721	19648	19703	702
19679	19701	19689	19745	19668	19686	19677	19749	19676	19731	703
19707	19729	19717	19773	19696	19714	19705	19777	19704	19759	704
19735	19757	19745	19801	19724	19742	19733	19805	19732	19787	705
19763	19785	19773	19829	19752	19770	19761	19833	19760	19815	706
19791	19813	19801	19857	19780	19798	19789	19861	19788	19843	707
19819	19841	19829	19885	19808	19826	19817	19889	19816	19871	708
19847	19869	19857	19913	19836	19854	19845	19917	19844	19899	709
19875	19897	19885	19941	19864	19882	19873	19945	19872	19927	710
19903	19925	19913	19969	19892	19910	19901	19973	19900	19955	711
19931	19953	19941	19997	19920	19938	19929	20001	19928	19983	712
19959	19981	19969	20025	19948	19966	19957	20029	19956	20011	713
19987	20009	19997	20053	19976	19994	19985	20057	19984	20039	714
20015	20037	20025	20081	20004	20022	20013	20085	20012	20067	715
20043	20065	20053	20109	20032	20050	20041	20113	20040	20095	716
20071	20093	20081	20137	20060	20078	20069	20141	20068	20123	717
20099	20121	20109	20165	20088	20106	20097	20169	20096	20151	718
20127	20149	20137	20193	20116	20134	20125	20197	20124	20179	719
20155	20177	20165	20221	20144	20162	20153	20225	20152	20207	720
20183	20205	20193	20249	20172	20190	20181	20253	20180	20235	721
20211	20233	20221	20277	20200	20218	20209	20281	20208	20263	722
20239	20261	20249	20305	20228	20246	20237	20309	20236	20291	723
20267	20289	20277	20333	20256	20274	20265	20337	20264	20319	724
20295	20317	20305	20361	20284	20302	20293	20365	20292	20347	725
20323	20345	20333	20389	20312	20330	20321	20393	20320	20375	726
20351	20373	20361	20417	20340	20358	20349	20421	20348	20403	727
20379	20401	20389	20445	20368	20386	20377	20449	20376	20431	728
20407	20429	20417	20473	20396	20414	20405	20477	20404	20459	729
20435	20457	20445	20501	20424	20442	20433	20505	20432	20487	730
20463	20485	20473	20529	20452	20470	20461	20533	20460	20515	731
20491	20513	20501	20557	20480	20498	20489	20561	20488	20543	732
20519	20541	20529	20585	20508	20526	20517	20589	20516	20571	733
20547	20569	20557	20613	20536	20554	20545	20617	20544	20599	734
20575	20597	20585	20641	20564	20582	20573	20645	20572	20627	735
20603	20625	20613	20669	20592	20610	20601	20673	20600	20655	736
20631	20653	20641	20697	20620	20638	20629	20701	20628	20683	737
20659	20681	20669	20725	20648	20666	20657	20729	20656	20711	738
20687	20709	20697	20753	20676	20694	20685	20757	20684	20739	739
20715	20737	20725	20781	20704	20722	20713	20785	20712	20767	740
20743	20765	20753	20809	20732	20750	20741	20813	20740	20795	741
20771	20793	20781	20837	20760	20778	20769	20841	20768	20823	742
20799	20821	20809	20865	20788	20806	20797	20869	20796	20851	743
20827	20849	20837	20893	20816	20834	20825	20897	20824	20879	744
20855	20877	20865	20921	20844	20862	20853	20925	20852	20907	745
20883	20905	20893	20949	20872	20890	20881	20953	20880	20935	746
20911	20933	20921	20977	20900	20918	20909	20981	20908	20963	747
20939	20961	20949	21005	20928	20946	20937	21009	20936	20991	748
20967	20989	20977	21033	20956	20974	20965	21037	20964	21019	749
20995	21017	21005	21061	20984	21002	20993	21065	20992	21047	750
21023	21045	21033	21089	21012	21030	21021	21093	21020	21075	751
21051	21073	21061	21117	21040	21058	21049	21121	21048	21103	752
21079	21101	21089	21145	21068	21086	21077	21149	21076	21131	753
21107	21129	21117	21173	21096	21114	21105	21177	21104	21159	754
21135	21157	21145	21201	21124	21142	21133	21205	21132	21187	755
21163	21185	21173	21229	21152	21170	21161	21233	21160	21215	756
21191	21213	21201	21257	21180	21198	21189	21261	21188	21243	757
21219	21241	21229	21285	21208	21226	21217	21289	21216	21271	758
21247	21269	21257	21313	21236	21254	21245	21317	21244	21299	759
21275	21297	21285	21341	21264	21282	21273	21345	21272	21327	760
21303	21325	21313	21369	21292	21310	21301	21373	21300	21355	761
21331	21353	21341	21397	21320	21338	21329	21401	21328	21383	762
21359	21381	21369	21425	21348	21366	21357	21429	21356	21411	763
21387	21409	21397	21453	21376	21394	21385	21457	21384	21439	764
21415	21437	21425	21481	21404	21422	21413	21485	21412	21467	765
21443	21465	21453	21509	21432	21450	21441	21513	21440	21495	766
21471	21493	21481	21537	21460	21478	21469	21541	21468	21523	767
21499	21521	21509	21565	21488	21506	21497	21569	21496	21551	768
21527	21549	21537	21593	21516	21534	21525	21597	21524	21579	769
21555	21577	21565	21621	21544	21562	21553	21625	21552	21607	770
21583	21605	21593	21649	21572	21590	21581	21653	21580	21635	771
21611	21633	21621	21677	21600	21618	21609	21681	21608	21663	772
21639	21661	21649	21705	21628	21646	21637	21709	21636	21691	773
21667	21689	21677	21733	21656	21674	21665	21737	21664	21719	774
21695	21717	21705	21761	21684	21702	21693	21765	21692	21747	775
21723	21745	21733	21789	21712	21730	21721	21793	21720	21775	776
21751	21773	21761	21817	21740	21758	21749	21821	21748	21803	777
21779	21801	21789	21845	21768	21786	21777	21849	21776	21831	778
21807	21829	21817	21873	21796	21814	21805	21877	21804	21859	779
21835	21857	21845	21901	21824	21842	21833	21905	21832	21887	780
21863	21885	21873	21929	21852	21870	21861	21933	21860	21915	781
21891	21913	21901	21957	21880	21898	21889	21961	21888	21943	782
21919	21941	21929	21985	21908	21926	21917	21989	21916	21971	783
21947	21969	21957	22013	21936	21954	21945	22017	21944	21999	784
21975	21997	21985	22041	21964	21982	21973	22045	21972	22027	785
22003	22025	22013	22069	21992	22010	22001	22073	22000	22055	786
22031	22053	22041	22097	22020	22038	22029	22101	22028	22083	787
22059	22081	22069	22125	22048	22066	22057	22129	22056	22111	788
22087	22109	22097	22153	22076	22094	22085	22157	22084	22139	789
22115	22137	22125	22181	22104	22122	22113	22185	22112	22167	790
22143	22165	22153	22209	22132	22150	22141	22213	22140	22195	791
22171	22193	22181	22237	22160	22178	22169	22241	22168	22223	792
22199	22221	22209	22265	22188	22206	22197	22269	22196	22251	793
22227	22249	22237	22293	22216	22234	22225	22297	22224	22279	794
22255	22277	22265	22321	22244	22262	22253	22325	22252	22307	795
22283	22305	22293	22349	22272	22290	22281	22353	22280	22335	796
22311	22333	22321	22377	22300	22318	22309	22381	22308	22363	797
22339	22361	22349	22405	22328	22346	22337	22409	22336	22391	798
22367	22389	22377	22433	22356	22374	22365	22437	22364	22419	799
22395	22417	22405	22461	22384	22402	22393	22465	22392	22447	800
22423	22445	22433	22489	22412	22430	22421	22493	22420	22475	801
22451	22473	22461	22517	22440	22458	22449	22521	22448	22503	802
22479	22501	22489	22545	22468	22486	22477	22549	22476	22531	803
22507	22529	22517	22573	22496	22514	22505	22577	22504	22559	804
22535	22557	22545	22601	22524	22542	22533	22605	22532	22587	805
22563	22585	22573	22629	22552	22570	22561	22633	22560	22615	806
22591	22613	22601	22657	22580	22598	22589	22661	22588	22643	807
22619	22641	22629	22685	22608	22626	22617	22689	22616	22671	808
22647	22669	22657	22713	22636	22654	22645	22717	22644	22699	809
22675	22697	22685	22741	22664	22682	22673	22745	22672	22727	810
22703	22725	22713	22769	22692	22710	22701	22773	22700	22755	811
22731	22753	22741	22797	22720	22738	22729	22801	22728	22783	812
22759	22781	22769	22825	22748	22766	22757	22829	22756	22811	813
22787	22809	22797	22853	22776	22794	22785	22857	22784	22839	814
22815	22837	22825	22881	22804	22822	22813	22885	22812	22867	815
22843	22865	22853	22909	22832	22850	22841	22913	22840	22895	816
22871	22893	22881	22937	22860	22878	22869	22941	22868	22923	817
22899	22921	22909	22965	22888	22906	22897	22969	22896	22951	818
22927	22949	22937	22993	22916	22934	22925	22997	22924	22979	819
22955	22977	22965	23021	22944	22962	22953	23025	22952	23007	820
22983	23005	22993	23049	22972	22990	22981	23053	22980	23035	821
23011	23033	23021	23077	23000	23018	23009	23081	23008	23063	822
23039	23061	23049	23105	23028	23046	23037	23109	23036	23091	823
23067	23089	23077	23133	23056	23074	23065	23137	23064	23119	824
23095	23117	23105	23161	23084	23102	23093	23165	23092	23147	825
23123	23145	23133	23189	23112	23130	23121	23193	23120	23175	826
23151	23173	23161	23217	23140	23158	23149	23221	23148	23203	827
23179	23201	23189	23245	23168	23186	23177	23249	23176	23231	828
23207	23229	23217	23273	23196	23214	23205	23277	23204	23259	829
23235	23257	23245	23301	23224	23242	23233	23305	23232	23287	830
23263	23285	23273	23329	23252	23270	23261	23333	23260	23315	831
23291	23313	23301	23357	23280	23298	23289	23361	23288	23343	832
23319	23341	23329	23385	23308	23326	23317	23389	23316	23371	833
23347	23369	23357	23413	23336	23354	23345	23417	23344	23399	834
23375	23397	23385	23441	23364	23382	23373	23445	23372	23427	835
23403	23425	23413	23469	23392	23410	23401	23473	23400	23455	836
23431	23453	23441	23497	23420	23438	23429	23501	23428	23483	837
23459	23481	23469	23525	23448	23466	23457	23529	23456	23511	838
23487	23509	23497	23553	23476	23494	23485	23557	23484	23539	839
23515	23537	23525	23581	23504	23522	23513	23585	23512	23567	840
23543	23565	23553	23609	23532	23550	23541	23613	23540	23595	841
23571	23593	23581	23637	23560	23578	23569	23641	23568	23623	842
23599	23621	23609	23665	23588	23606	23597	23669	23596	23651	843
23627	23649	23637	23693	23616	23634	23625	23697	23624	23679	844
23655	23677	23665	23721	23644	23662	23653	23725	23652	23707	845
23683	23705	23693	23749	23672	23690	23681	23753	23680	23735	846
23711	23733	23721	23777	23700	23718	23709	23781	23708	23763	847
23739	23761	23749	23805	23728	23746	23737	23809	23736	23791	848
23767	23789	23777	23833	23756	23774	23765	23837	23764	23819	849
23795	23817	23805	23861	23784	23802	23793	23865	23792	23847	850
23823	23845	23833	23889	23812	23830	23821	23893	23820	23875	851
23851	23873	23861	23917	23840	23858	23849	23921	23848	23903	852
23879	23901	23889	23945	23868	23886	23877	23949	23876	23931	853
23907	23929	23917	23973	23896	23914	23905	23977	23904	23959	854
23935	23957	23945	24001	23924	23942	23933	24005	23932	23987	855
23963	23985	23973	24029	23952	23970	23961	24033	23960	24015	856
23991	24013	24001	24057	23980	23998	23989	24061	23988	24043	857
24019	24041	24029	24085	24008	24026	24017	24089	24016	24071	858
24047	24069	24057	24113	24036	24054	24045	24117	24044	24099	859
24075	24097	24085	24141	24064	24082	24073	24145	24072	24127	860
24103	24125	24113	24169	24092	24110	24101	24173	24100	24155	861
24131	24153	24141	24197	24120	24138	24129	24201	24128	24183	862
24159	24181	24169	24225	24148	24166	24157	24229	24156	24211	863
24187	24209	24197	24253	24176	24194	24185	24257	24184	24239	864
24215	24237	24225	24281	24204	24222	24213	24285	24212	24267	865
24243	24265	24253	24309	24232	24250	24241	24313	24240	24295	866
24271	24293	24281	24337	24260	24278	24269	24341	24268	24323	867
24299	24321	24309	24365	24288	24306	24297	24369	24296	24351	868
24327	24349	24337	24393	24316	24334	24325	24397	24324	24379	869
24355	24377	24365	24421	24344	24362	24353	24425	24352	24407	870
24383	24405	24393	24449	24372	24390	24381	24453	24380	24435	871
24411	24433	24421	24477	24400	24418	24409	24481	24408	24463	872
24439	24461	24449	24505	24428	24446	24437	24509	24436	24491	873
24467	24489	24477	24533	24456	24474	24465	24537	24464	24519	874
24495	24517	24505	24561	24484	24502	24493	24565	24492	24547	875
24523	24545	24533	24589	24512	24530	24521	24593	24520	24575	876
24551	24573	24561	24617	24540	24558	24549	24621	24548	24603	877
24579	24601	24589	24645	24568	24586	24577	24649	24576	24631	878
24607	24629	24617	24673	24596	24614	24605	24677	24604	24659	879
24635	24657	24645	24701	24624	24642	24633	24705	24632	24687	880
24663	24685	24673	24729	24652	24670	24661	24733	24660	24715	881
24691	24713	24701	24757	24680	24698	24689	24761	24688	24743	882
24719	24741	24729	24785	24708	24726	24717	24789	24716	24771	883
24747	24769	24757	24813	24736	24754	24745	24817	24744	24799	884
24775	24797	24785	24841	24764	24782	24773	24845	24772	24827	885
24803	24825	24813	24869	24792	24810	24801	24873	24800	24855	886
24831	24853	24841	24897	24820	24838	24829	24901	24828	24883	887
24859	24881	24869	24925	24848	24866	24857	24929	24856	24911	888
24887	24909	24897	24953	24876	24894	24885	24957	24884	24939	889
24915	24937	24925	24981	24904	24922	24913	24985	24912	24967	890
24943	24965	24953	25009	24932	24950	24941	25013	24940	24995	891
24971	24993	24981	25037	24960	24978	24969	25041	24968	25023	892
24999	25021	25009	25065	24988	25006	24997	25069	24996	25051	893
25027	25049	25037	25093	25016	25034	25025	25097	25024	25079	894
25055	25077	25065	25121	25044	25062	25053	25125	25052	25107	895
25083	25105	25093	25149	25072	25090	25081	25153	25080	25135	896
25111	25133	25121	25177	25100	25118	25109	25181	25108	25163	897
25139	25161	25149	25205	25128	25146	25137	25209	25136	25191	898
25167	25189	25177	25233	25156	25174	25165	25237	25164	25219	899
25195	25217	25205	25261	25184	25202	25193	25265	25192	25247	900
25223	25245	25233	25289	25212	25230	25221	25293	25220	25275	901
25251	25273	25261	25317	25240	25258	25249	25321	25248	25303	902
25279	25301	25289	25345	25268	25286	25277	25349	25276	25331	903
25307	25329	25317	25373	25296	25314	25305	25377	25304	25359	904
25335	25357	25345	25401	25324	25342	25333	25405	25332	25387	905
25363	25385	25373	25429	25352	25370	25361	25433	25360	25415	906
25391	25413	25401	25457	25380	25398	25389	25461	25388	25443	907
25419	25441	25429	25485	25408	25426	25417	25489	25416	25471	908
25447	25469	25457	25513	25436	25454	25445	25517	25444	25499	909
25475	25497	25485	25541	25464	25482	25473	25545	25472	25527	910
25503	25525	25513	25569	25492	25510	25501	25573	25500	25555	911
25531	25553	25541	25597	25520	25538	25529	25601	25528	25583	912
25559	25581	25569	25625	25548	25566	25557	25629	25556	25611	913
25587	25609	25597	25653	25576	25594	25585	25657	25584	25639	914
25615	25637	25625	25681	25604	25622	25613	25685	25612	25667	915
25643	25665	25653	25709	25632	25650	25641	25713	25640	25695	916
25671	25693	25681	25737	25660	25678	25669	25741	25668	25723	917
25699	25721	25709	25765	25688	25706	25697	25769	25696	25751	918
25727	25749	25737	25793	25716	25734	25725	25797	25724	25779	919
25755	25777	25765	25821	25744	25762	25753	25825	25752	25807	920
25783	25805	25793	25849	25772	25790	25781	25853	25780	25835	921
25811	25833	25821	25877	25800	25818	25809	25881	25808	25863	922
25839	25861	25849	25905	25828	25846	25837	25909	25836	25891	923
25867	25889	25877	25933	25856	25874	25865	25937	25864	25919	924
25895	25917	25905	25961	25884	25902	25893	25965	25892	25947	925
25923	25945	25933	25989	25912	25930	25921	25993	25920	25975	926
25951	25973	25961	26017	25940	25958	25949	26021	25948	26003	927
25979	26001	25989	26045	25968	25986	25977	26049	25976	26031	928
26007	26029	26017	26073	25996	26014	26005	26077	26004	26059	929
26035	26057	26045	26101	26024	26042	26033	26105	26032	26087	930
26063	26085	26073	26129	26052	26070	26061	26133	26060	26115	931
26091	26113	26101	26157	26080	26098	26089	26161	26088	26143	932
26119	26141	26129	26185	26108	26126	26117	26189	26116	26171	933
26147	26169	26157	26213	26136	26154	26145	26217	26144	26199	934
26175	26197	26185	26241	26164	26182	26173	26245	26172	26227	935
26203	26225	26213	26269	26192	26210	26201	26273	26200	26255	936
26231	26253	26241	26297	26220	26238	26229	26301	26228	26283	937
26259	26281	26269	26325	26248	26266	26257	26329	26256	26311	938
26287	26309	26297	26353	26276	26294	26285	26357	26284	26339	939
26315	26337	26325	26381	26304	26322	26313	26385	26312	26367	940
26343	26365	26353	26409	26332	26350	26341	26413	26340	26395	941
26371	26393	26381	26437	26360	26378	26369	26441	26368	26423	942
26399	26421	26409	26465	26388	26406	26397	26469	26396	26451	943
26427	26449	26437	26493	26416	26434	26425	26497	26424	26479	944
26455	26477	26465	26521	26444	26462	26453	26525	26452	26507	945
26483	26505	26493	26549	26472	26490	26481	26553	26480	26535	946
26511	26533	26521	26577	26500	26518	26509	26581	26508	26563	947
26539	26561	26549	26605	26528	26546	26537	26609	26536	26591	948
26567	26589	26577	26633	26556	26574	26565	26637	26564	26619	949
26595	26617	26605	26661	26584	26602	26593	26665	26592	26647	950
26623	26645	26633	26689	26612	26630	26621	26693	26620	26675	951
26651	26673	26661	26717	26640	26658	26649	26721	26648	26703	952
26679	26701	26689	26745	26668	26686	26677	26749	26676	26731	953
26707	26729	26717	26773	26696	26714	26705	26777	26704	26759	954
26735	26757	26745	26801	26724	26742	26733	26805	26732	26787	955
26763	26785	26773	26829	26752	26770	26761	26833	26760	26815	956
26791	26813	26801	26857	26780	26798	26789	26861	26788	26843	957
26819	26841	26829	26885	26808	26826	26817	26889	26816	26871	958
26847	26869	26857	26913	26836	26854	26845	26917	26844	26899	959
26875	26897	26885	26941	26864	26882	26873	26945	26872	26927	960
26903	26925	26913	26969	26892	26910	26901	26973	26900	26955	961
26931	26953	26941	26997	26920	26938	26929	27001	26928	26983	962
26959	26981	26969	27025	26948	26966	26957	27029	26956	27011	963
26987	27009	26997	27053	26976	26994	26985	27057	26984	27039	964
27015	27037	27025	27081	27004	27022	27013	27085	27012	27067	965
27043	27065	27053	27109	27032	27050	27041	27113	27040	27095	966
27071	27093	27081	27137	27060	27078	27069	27141	27068	27123	967
27099	27121	27109	27165	27088	27106	27097	27169	27096	27151	968
27127	27149	27137	27193	27116	27134	27125	27197	27124	27179	969
27155	27177	27165	27221	27144	27162	27153	27225	27152	27207	970
27183	27205	27193	27249	27172	27190	27181	27253	27180	27235	971
27211	27233	27221	27277	27200	27218	27209	27281	27208	27263	972
27239	27261	27249	27305	27228	27246	27237	27309	27236	27291	973
27267	27289	27277	27333	27256	27274	27265	27337	27264	27319	974
27295	27317	27305	27361	27284	27302	27293	27365	27292	27347	975
27323	27345	27333	27389	27312	27330	27321	27393	27320	27375	976
27351	27373	27361	27417	27340	27358	27349	27421	27348	27403	977
27379	27401	27389	27445	27368	27386	27377	27449	27376	27431	978
27407	27429	27417	27473	27396	27414	27405	27477	27404	27459	979
27435	27457	27445	27501	27424	27442	27433	27505	27432	27487	980
27463	27485	27473	27529	27452	27470	27461	27533	27460	27515	981
27491	27513	27501	27557	27480	27498	27489	27561	27488	27543	982
27519	27541	27529	27585	27508	27526	27517	27589	27516	27571	983
27547	27569	27557	27613	27536	27554	27545	27617	27544	27599	984
27575	27597	27585	27641	27564	27582	27573	27645	27572	27627	985
27603	27625	27613	27669	27592	27610	27601	27673	27600	27655	986
27631	27653	27641	27697	27620	27638	27629	27701	27628	27683	987
27659	27681	27669	27725	27648	27666	27657	27729	27656	27711	988
27687	27709	27697	27753	27676	27694	27685	27757	27684	27739	989
27715	27737	27725	27781	27704	27722	27713	27785	27712	27767	990
27743	27765	27753	27809	27732	27750	27741	27813	27740	27795	991
27771	27793	27781	27837	27760	27778	27769	27841	27768	27823	992
27799	27821	27809	27865	27788	27806	27797	27869	27796	27851	993
27827	27849	27837	27893	27816	27834	27825	27897	27824	27879	994
27855	27877	27865	27921	27844	27862	27853	27925	27852	27907	995
27883	27905	27893	27949	27872	27890	27881	27953	27880	27935	996
27911	27933	27921	27977	27900	27918	27909	27981	27908	27963	997
27939	27961	27949	28005	27928	27946	27937	28009	27936	27991	998
27967	27989	27977	28033	27956	27974	27965	28037	27964	28019	999
27995	28017	28005	28061	27984	28002	27993	28065	27992	28047	1000
28023	28045	28033	28089	28012	28030	28021	28093	28020	28075	1001
28051	28073	28061	28117	28040	28058	28049	28121	28048	28103	1002
28079	28101	28089	28145	28068	28086	28077	28149	28076	28131	1003
28107	28129	28117	28173	28096	28114	28105	28177	28104	28159	1004
28135	28157	28145	28201	28124	28142	28133	28205	28132	28187	1005
28163	28185	28173	28229	28152	28170	28161	28233	28160	28215	1006
28191	28213	28201	28257	28180	28198	28189	28261	28188	28243	1007
28219	28241	28229	28285	28208	28226	28217	28289	28216	28271	1008
28247	28269	28257	28313	28236	28254	28245	28317	28244	28299	1009
28275	28297	28285	28341	28264	28282	28273	28345	28272	28327	1010
28303	28325	28313	28369	28292	28310	28301	28373	28300	28355	1011
28331	28353	28341	28397	28320	28338	28329	28401	28328	28383	1012
28359	28381	28369	28425	28348	28366	28357	28429	28356	28411	1013
28387	28409	28397	28453	28376	28394	28385	28457	28384	28439	1014
28415	28437	28425	28481	28404	28422	28413	28485	28412	28467	1015
28443	28465	28453	28509	28432	28450	28441	28513	28440	28495	1016
28471	28493	28481	28537	28460	28478	28469	28541	28468	28523	1017
28499	28521	28509	28565	28488	28506	28497	28569	28496	28551	1018
28527	28549	28537	28593	28516	28534	28525	28597	28524	28579	1019
28555	28577	28565	28621	28544	28562	28553	28625	28552	28607	1020
28583	28605	28593	28649	28572	28590	28581	28653	28580	28635	1021
28611	28633	28621	28677	28600	28618	28609	28681	28608	28663	1022
28639	28661	28649	28705	28628	28646	28637	28709	28636	28691	1023
28667	28689	28677	28733	28656	28674	28665	28737	28664	28719	1024
28695	28717	28705	28761	28684	28702	28693	28765	28692	28747	1025
28723	28745	28733	28789	28712	28730	28721	28793	28720	28775	1026
28751	28773	28761	28817	28740	28758	28749	28821	28748	28803	1027
28779	28801	28789	28845	28768	28786	28777	28849	28776	28831	1028
28807	28829	28817	28873	28796	28814	28805	28877	28804	28859	1029
28835	28857	28845	28901	28824	28842	28833	28905	28832	28887	1030
28863	28885	28873	28929	28852	28870	28861	28933	28860	28915	1031
28891	28913	28901	28957	28880	28898	28889	28961	28888	28943	1032
28919	28941	28929	28985	28908	28926	28917	28989	28916	28971	1033
28947	28969	28957	29013	28936	28954	28945	29017	28944	28999	1034
28975	28997	28985	29041	28964	28982	28973	29045	28972	29027	1035
29003	29025	29013	29069	28992	29010	29001	29073	29000	29055	1036
29031	29053	29041	29097	29020	29038	29029	29101	29028	29083	1037
29059	29081	29069	29125	29048	29066	29057	29129	29056	29111	1038
29087	29109	29097	29153	29076	29094	29085	29157	29084	29139	1039
29115	29137	29125	29181	29104	29122	29113	29185	29112	29167	1040
29143	29165	29153	29209	29132	29150	29141	29213	29140	29195	1041
29171	29193	29181	29237	29160	29178	29169	29241	29168	29223	1042
29199	29221	29209	29265	29188	29206	29197	29269	29196	29251	1043
29227	29249	29237	29293	29216	29234	29225	29297	29224	29279	1044
29255	29277	29265	29321	29244	29262	29253	29325	29252	29307	1045
29283	29305	29293	29349	29272	29290	29281	29353	29280	29335	1046
29311	29333	29321	29377	29300	29318	29309	29381	29308	29363	1047
29339	29361	29349	29405	29328	29346	29337	29409	29336	29391	1048
29367	29389	29377	29433	29356	29374	29365	29437	29364	29419	1049
29395	29417	29405	29461	29384	29402	29393	29465	29392	29447	1050
29423	29445	29433	29489	29412	29430	29421	29493	29420	29475	1051
29451	29473	29461	29517	29440	29458	29449	29521	29448	29503	1052
29479	29501	29489	29545	29468	29486	29477	29549	29476	29531	1053
29507	29529	29517	29573	29496	29514	29505	29577	29504	29559	1054
29535	29557	29545	29601	29524	29542	29533	29605	29532	29587	1055
29563	29585	29573	29629	29552	29570	29561	29633	29560	29615	1056
29591	29613	29601	29657	29580	29598	29589	29661	29588	29643	1057
29619	29641	29629	29685	29608	29626	29617	29689	29616	29671	1058
29647	29669	29657	29713	29636	29654	29645	29717	29644	29699	1059
29675	29697	29685	29741	29664	29682	29673	29745	29672	29727	1060
29703	29725	29713	29769	29692	29710	29701	29773	29700	29755	1061
29731	29753	29741	29797	29720	29738	29729	29801	29728	29783	1062
29759	29781	29769	29825	29748	29766	29757	29829	29756	29811	1063
29787	29809	29797	29853	29776	29794	29785	29857	29784	29839	1064
29815	29837	29825	29881	29804	29822	29813	29885	29812	29867	1065
29843	29865	29853	29909	29832	29850	29841	29913	29840	29895	1066
29871	29893	29881	29937	29860	29878	29869	29941	29868	29923	1067
29899	29921	29909	29965	29888	29906	29897	29969	29896	29951	1068
29927	29949	29937	29993	29916	29934	29925	29997	29924	29979	1069
29955	29977	29965	30021	29944	29962	29953	30025	29952	30007	1070
29983	30005	29993	30049	29972	29990	29981	30053	29980	30035	1071
30011	30033	30021	30077	30000	30018	30009	30081	30008	30063	1072
30039	30061	30049	30105	30028	30046	30037	30109	30036	30091	1073
30067	30089	30077	30133	30056	30074	30065	30137	30064	30119	1074
30095	30117	30105	30161	30084	30102	30093	30165	30092	30147	1075
30123	30145	30133	30189	30112	30130	30121	30193	30120	30175	1076
30151	30173	30161	30217	30140	30158	30149	30221	30148	30203	1077
30179	30201	30189	30245	30168	30186	30177	30249	30176	30231	1078
30207	30229	30217	30273	30196	30214	30205	30277	30204	30259	1079
30235	30257	30245	30301	30224	30242	30233	30305	30232	30287	1080
30263	30285	30273	30329	30252	30270	30261	30333	30260	30315	1081
30291	30313	30301	30357	30280	30298	30289	30361	30288	30343	1082
30319	30341	30329	30385	30308	30326	30317	30389	30316	30371	1083
30347	30369	30357	30413	30336	30354	30345	30417	30344	30399	1084
30375	30397	30385	30441	30364	30382	30373	30445	30372	30427	1085
30403	30425	30413	30469	30392	30410	30401	30473	30400	30455	1086
30431	30453	30441	30497	30420	30438	30429	30501	30428	30483	1087
30459	30481	30469	30525	30448	30466	30457	30529	30456	30511	1088
30487	30509	30497	30553	30476	30494	30485	30557	30484	30539	1089
30515	30537	30525	30581	30504	30522	30513	30585	30512	30567	1090
30543	30565	30553	30609	30532	30550	30541	30613	30540	30595	1091
30571	30593	30581	30637	30560	30578	30569	30641	30568	30623	1092
30599	30621	30609	30665	30588	30606	30597	30669	30596	30651	1093
30627	30649	30637	30693	30616	30634	30625	30697	30624	30679	1094
30655	30677	30665	30721	30644	30662	30653	30725	30652	30707	1095
30683	30705	30693	30749	30672	30690	30681	30753	30680	30735	1096
30711	30733	30721	30777	30700	30718	30709	30781	30708	30763	1097
30739	30761	30749	30805	30728	30746	30737	30809	30736	30791	1098
30767	30789	30777	30833	30756	30774	30765	30837	30764	30819	1099
30795	30817	30805	30861	30784	30802	30793	30865	30792	30847	1100
30823	30845	30833	30889	30812	30830	30821	30893	30820	30875	1101
30851	30873	30861	30917	30840	30858	30849	30921	30848	30903	1102
30879	30901	30889	30945	30868	30886	30877	30949	30876	30931	1103
30907	30929	30917	30973	30896	30914	30905	30977	30904	30959	1104
30935	30957	30945	31001	30924	30942	30933	31005	30932	30987	1105
30963	30985	30973	31029	30952	30970	30961	31033	30960	31015	1106
30991	31013	31001	31057	30980	30998	30989	31061	30988	31043	1107
31019	31041	31029	31085	31008	31026	31017	31089	31016	31071	1108
31047	31069	31057	31113	31036	31054	31045	31117	31044	31099	1109
31075	31097	31085	31141	31064	31082	31073	31145	31072	31127	1110
31103	31125	31113	31169	31092	31110	31101	31173	31100	31155	1111
31131	31153	31141	31197	31120	31138	31129	31201	31128	31183	1112
31159	31181	31169	31225	31148	31166	31157	31229	31156	31211	1113
31187	31209	31197	31253	31176	31194	31185	31257	31184	31239	1114
31215	31237	31225	31281	31204	31222	31213	31285	31212	31267	1115
31243	31265	31253	31309	31232	31250	31241	31313	31240	31295	1116
31271	31293	31281	31337	31260	31278	31269	31341	31268	31323	1117
31299	31321	31309	31365	31288	31306	31297	31369	31296	31351	1118
31327	31349	31337	31393	31316	31334	31325	31397	31324	31379	1119
31355	31377	31365	31421	31344	31362	31353	31425	31352	31407	1120
31383	31405	31393	31449	31372	31390	31381	31453	31380	31435	1121
31411	31433	31421	31477	31400	31418	31409	31481	31408	31463	1122
31439	31461	31449	31505	31428	31446	31437	31509	31436	31491	1123
31467	31489	31477	31533	31456	31474	31465	31537	31464	31519	1124
31495	31517	31505	31561	31484	31502	31493	31565	31492	31547	1125
31523	31545	31533	31589	31512	31530	31521	31593	31520	31575	1126
31551	31573	31561	31617	31540	31558	31549	31621	31548	31603	1127
31579	31601	31589	31645	31568	31586	31577	31649	31576	31631	1128
31607	31629	31617	31673	31596	31614	31605	31677	31604	31659	1129
31635	31657	31645	31701	31624	31642	31633	31705	31632	31687	1130
31663	31685	31673	31729	31652	31670	31661	31733	31660	31715	1131
31691	31713	31701	31757	31680	31698	31689	31761	31688	31743	1132
31719	31741	31729	31785	31708	31726	31717	31789	31716	31771	1133
31747	31769	31757	31813	31736	31754	31745	31817	31744	31799	1134
31775	31797	31785	31841	31764	31782	31773	31845	31772	31827	1135
31803	31825	31813	31869	31792	31810	31801	31873	31800	31855	1136
31831	31853	31841	31897	31820	31838	31829	31901	31828	31883	1137
31859	31881	31869	31925	31848	31866	31857	31929	31856	31911	1138
31887	31909	31897	31953	31876	31894	31885	31957	31884	31939	1139
31915	31937	31925	31981	31904	31922	31913	31985	31912	31967	1140
31943	31965	31953	32009	31932	31950	31941	32013	31940	31995	1141
31971	31993	31981	32037	31960	31978	31969	32041	31968	32023	1142
31999	32021	32009	32065	31988	32006	31997	32069	31996	32051	1143
32027	32049	32037	32093	32016	32034	32025	32097	32024	32079	1144
32055	32077	32065	32121	32044	32062	32053	32125	32052	32107	1145
32083	32105	32093	32149	32072	32090	32081	32153	32080	32135	1146
32111	32133	32121	32177	32100	32118	32109	32181	32108	32163	1147
32139	32161	32149	32205	32128	32146	32137	32209	32136	32191	1148
32167	32189	32177	32233	32156	32174	32165	32237	32164	32219	1149
32195	32217	32205	32261	32184	32202	32193	32265	32192	32247	1150
32223	32245	32233	32289	32212	32230	32221	32293	32220	32275	1151
32251	32273	32261	32317	32240	32258	32249	32321	32248	32303	1152
32279	32301	32289	32345	32268	32286	32277	32349	32276	32331	1153
32307	32329	32317	32373	32296	32314	32305	32377	32304	32359	1154
32335	32357	32345	32401	32324	32342	32333	32405	32332	32387	1155
32363	32385	32373	32429	32352	32370	32361	32433	32360	32415	1156
32391	32413	32401	32457	32380	32398	32389	32461	32388	32443	1157
32419	32441	32429	32485	32408	32426	32417	32489	32416	32471	1158
32447	32469	32457	32513	32436	32454	32445	32517	32444	32499	1159
32475	32497	32485	32541	32464	32482	32473	32545	32472	32527	1160
32503	32525	32513	32569	32492	32510	32501	32573	32500	32555	1161
32531	32553	32541	32597	32520	32538	32529	32601	32528	32583	1162
32559	32581	32569	32625	32548	32566	32557	32629	32556	32611	1163
32587	32609	32597	625	32576	32594	32585	629	32584	32639	1164
32615	32637	32625	653	32604	32622	32613	657	32612	639	1165
32643	637	625	681	32632	32650	32641	685	32640	667	1166
643	665	653	709	632	650	641	713	640	695	1167
671	693	681	737	660	678	669	741	668	723	1168
699	721	709	765	688	706	697	769	696	751	1169
727	749	737	793	716	734	725	797	724	779	1170
755	777	765	821	744	762	753	825	752	807	1171
783	805	793	849	772	790	781	853	780	835	1172
811	833	821	877	800	818	809	881	808	863	1173
839	861	849	905	828	846	837	909	836	891	1174
867	889	877	933	856	874	865	937	864	919	1175
895	917	905	961	884	902	893	965	892	947	1176
923	945	933	989	912	930	921	993	920	975	1177
951	973	961	1017	940	958	949	1021	948	1003	1178
979	1001	989	1045	968	986	977	1049	976	1031	1179
1007	1029	1017	1073	996	1014	1005	1077	1004	1059	1180
1035	1057	1045	1101	1024	1042	1033	1105	1032	1087	1181
1063	1085	1073	1129	1052	1070	1061	1133	1060	1115	1182
1091	1113	1101	1157	1080	1098	1089	1161	1088	1143	1183
1119	1141	1129	1185	1108	1126	1117	1189	1116	1171	1184
1147	1169	1157	1213	1136	1154	1145	1217	1144	1199	1185
1175	1197	1185	1241	1164	1182	1173	1245	1172	1227	1186
1203	1225	1213	1269	1192	1210	1201	1273	1200	1255	1187
1231	1253	1241	1297	1220	1238	1229	1301	1228	1283	1188
1259	1281	1269	1325	1248	1266	1257	1329	1256	1311	1189
1287	1309	1297	1353	1276	1294	1285	1357	1284	1339	1190
1315	1337	1325	1381	1304	1322	1313	1385	1312	1367	1191
1343	1365	1353	1409	1332	1350	1341	1413	1340	1395	1192
1371	1393	1381	1437	1360	1378	1369	1441	1368	1423	1193
1399	1421	1409	1465	1388	1406	1397	1469	1396	1451	1194
1427	1449	1437	1493	1416	1434	1425	1497	1424	1479	1195
1455	1477	1465	1521	1444	1462	1453	1525	1452	1507	1196
1483	1505	1493	1549	1472	1490	1481	1553	1480	1535	1197
1511	1533	1521	1577	1500	1518	1509	1581	1508	1563	1198
1539	1561	1549	1605	1528	1546	1537	1609	1536	1591	1199
1567	1589	1577	1633	1556	1574	1565	1637	1564	1619	1200
1595	1617	1605	1661	1584	1602	1593	1665	1592	1647	1201
1623	1645	1633	1689	1612	1630	1621	1693	1620	1675	1202
1651	1673	1661	1717	1640	1658	1649	1721	1648	1703	1203
1679	1701	1689	1745	1668	1686	1677	1749	1676	1731	1204
1707	1729	1717	1773	1696	1714	1705	1777	1704	1759	1205
1735	1757	1745	1801	1724	1742	1733	1805	1732	1787	1206
1763	1785	1773	1829	1752	1770	1761	1833	1760	1815	1207
1791	1813	1801	1857	1780	1798	1789	1861	1788	1843	1208
1819	1841	1829	1885	1808	1826	1817	1889	1816	1871	1209
1847	1869	1857	1913	1836	1854	1845	1917	1844	1899	1210
1875	1897	1885	1941	1864	1882	1873	1945	1872	1927	1211
1903	1925	1913	1969	1892	1910	1901	1973	1900	1955	1212
1931	1953	1941	1997	1920	1938	1929	2001	1928	1983	1213
1959	1981	1969	2025	1948	1966	1957	2029	1956	2011	1214
1987	2009	1997	2053	1976	1994	1985	2057	1984	2039	1215
2015	2037	2025	2081	2004	2022	2013	2085	2012	2067	1216
2043	2065	2053	2109	2032	2050	2041	2113	2040	2095	1217
2071	2093	2081	2137	2060	2078	2069	2141	2068	2123	1218
2099	2121	2109	2165	2088	2106	2097	2169	2096	2151	1219
2127	2149	2137	2193	2116	2134	2125	2197	2124	2179	1220
2155	2177	2165	2221	2144	2162	2153	2225	2152	2207	1221
2183	2205	2193	2249	2172	2190	2181	2253	2180	2235	1222
2211	2233	2221	2277	2200	2218	2209	2281	2208	2263	1223
2239	2261	2249	2305	2228	2246	2237	2309	2236	2291	1224
2267	2289	2277	2333	2256	2274	2265	2337	2264	2319	1225
2295	2317	2305	2361	2284	2302	2293	2365	2292	2347	1226
2323	2345	2333	2389	2312	2330	2321	2393	2320	2375	1227
2351	2373	2361	2417	2340	2358	2349	2421	2348	2403	1228
2379	2401	2389	2445	2368	2386	2377	2449	2376	2431	1229
2407	2429	2417	2473	2396	2414	2405	2477	2404	2459	1230
2435	2457	2445	2501	2424	2442	2433	2505	2432	2487	1231
2463	2485	2473	2529	2452	2470	2461	2533	2460	2515	1232
2491	2513	2501	2557	2480	2498	2489	2561	2488	2543	1233
2519	2541	2529	2585	2508	2526	2517	2589	2516	2571	1234
2547	2569	2557	2613	2536	2554	2545	2617	2544	2599	1235
2575	2597	2585	2641	2564	2582	2573	2645	2572	2627	1236
2603	2625	2613	2669	2592	2610	2601	2673	2600	2655	1237
2631	2653	2641	2697	2620	2638	2629	2701	2628	2683	1238
2659	2681	2669	2725	2648	2666	2657	2729	2656	2711	1239
2687	2709	2697	2753	2676	2694	2685	2757	2684	2739	1240
2715	2737	2725	2781	2704	2722	2713	2785	2712	2767	1241
2743	2765	2753	2809	2732	2750	2741	2813	2740	2795	1242
2771	2793	2781	2837	2760	2778	2769	2841	2768	2823	1243
2799	2821	2809	2865	2788	2806	2797	2869	2796	2851	1244
2827	2849	2837	2893	2816	2834	2825	2897	2824	2879	1245
2855	2877	2865	2921	2844	2862	2853	2925	2852	2907	1246
2883	2905	2893	2949	2872	2890	2881	2953	2880	2935	1247
2911	2933	2921	2977	2900	2918	2909	2981	2908	2963	1248
2939	2961	2949	3005	2928	2946	2937	3009	2936	2991	1249
2967	2989	2977	3033	2956	2974	2965	3037	2964	3019	1250
2995	3017	3005	3061	2984	3002	2993	3065	2992	3047	1251
3023	3045	3033	3089	3012	3030	3021	3093	3020	3075	1252
3051	3073	3061	3117	3040	3058	3049	3121	3048	3103	1253
3079	3101	3089	3145	3068	3086	3077	3149	3076	3131	1254
3107	3129	3117	3173	3096	3114	3105	3177	3104	3159	1255
3135	3157	3145	3201	3124	3142	3133	3205	3132	3187	1256
3163	3185	3173	3229	3152	3170	3161	3233	3160	3215	1257
3191	3213	3201	3257	3180	3198	3189	3261	3188	3243	1258
3219	3241	3229	3285	3208	3226	3217	3289	3216	3271	1259
3247	3269	3257	3313	3236	3254	3245	3317	3244	3299	1260
3275	3297	3285	3341	3264	3282	3273	3345	3272	3327	1261
3303	3325	3313	3369	3292	3310	3301	3373	3300	3355	1262
3331	3353	3341	3397	3320	3338	3329	3401	3328	3383	1263
3359	3381	3369	3425	3348	3366	3357	3429	3356	3411	1264
3387	3409	3397	3453	3376	3394	3385	3457	3384	3439	1265
3415	3437	3425	3481	3404	3422	3413	3485	3412	3467	1266
3443	3465	3453	3509	3432	3450	3441	3513	3440	3495	1267
3471	3493	3481	3537	3460	3478	3469	3541	3468	3523	1268
3499	3521	3509	3565	3488	3506	3497	3569	3496	3551	1269
3527	3549	3537	3593	3516	3534	3525	3597	3524	3579	1270
3555	3577	3565	3621	3544	3562	3553	3625	3552	3607	1271
3583	3605	3593	3649	3572	3590	3581	3653	3580	3635	1272
3611	3633	3621	3677	3600	3618	3609	3681	3608	3663	1273
3639	3661	3649	3705	3628	3646	3637	3709	3636	3691	1274
3667	3689	3677	3733	3656	3674	3665	3737	3664	3719	1275
3695	3717	3705	3761	3684	3702	3693	3765	3692	3747	1276
3723	3745	3733	3789	3712	3730	3721	3793	3720	3775	1277
3751	3773	3761	3817	3740	3758	3749	3821	3748	3803	1278
3779	3801	3789	3845	3768	3786	3777	3849	3776	3831	1279
3807	3829	3817	3873	3796	3814	3805	3877	3804	3859	1280
3835	3857	3845	3901	3824	3842	3833	3905	3832	3887	1281
3863	3885	3873	3929	3852	3870	3861	3933	3860	3915	1282
3891	3913	3901	3957	3880	3898	3889	3961	3888	3943	1283
3919	3941	3929	3985	3908	3926	3917	3989	3916	3971	1284
3947	3969	3957	4013	3936	3954	3945	4017	3944	3999	1285
3975	3997	3985	4041	3964	3982	3973	4045	3972	4027	1286
4003	4025	4013	4069	3992	4010	4001	4073	4000	4055	1287
4031	4053	4041	4097	4020	4038	4029	4101	4028	4083	1288
4059	4081	4069	4125	4048	4066	4057	4129	4056	4111	1289
4087	4109	4097	4153	4076	4094	4085	4157	4084	4139	1290
4115	4137	4125	4181	4104	4122	4113	4185	4112	4167	1291
4143	4165	4153	4209	4132	4150	4141	4213	4140	4195	1292
4171	4193	4181	4237	4160	4178	4169	4241	4168	4223	1293
4199	4221	4209	4265	4188	4206	4197	4269	4196	4251	1294
4227	4249	4237	4293	4216	4234	4225	4297	4224	4279	1295
4255	4277	4265	4321	4244	4262	4253	4325	4252	4307	1296
4283	4305	4293	4349	4272	4290	4281	4353	4280	4335	1297
4311	4333	4321	4377	4300	4318	4309	4381	4308	4363	1298
4339	4361	4349	4405	4328	4346	4337	4409	4336	4391	1299
4367	4389	4377	4433	4356	4374	4365	4437	4364	4419	1300
4395	4417	4405	4461	4384	4402	4393	4465	4392	4447	1301
4423	4445	4433	4489	4412	4430	4421	4493	4420	4475	1302
4451	4473	4461	4517	4440	4458	4449	4521	4448	4503	1303
4479	4501	4489	4545	4468	4486	4477	4549	4476	4531	1304
4507	4529	4517	4573	4496	4514	4505	4577	4504	4559	1305
4535	4557	4545	4601	4524	4542	4533	4605	4532	4587	1306
4563	4585	4573	4629	4552	4570	4561	4633	4560	4615	1307
4591	4613	4601	4657	4580	4598	4589	4661	4588	4643	1308
4619	4641	4629	4685	4608	4626	4617	4689	4616	4671	1309
4647	4669	4657	4713	4636	4654	4645	4717	4644	4699	1310
4675	4697	4685	4741	4664	4682	4673	4745	4672	4727	1311
4703	4725	4713	4769	4692	4710	4701	4773	4700	4755	1312
4731	4753	4741	4797	4720	4738	4729	4801	4728	4783	1313
4759	4781	4769	4825	4748	4766	4757	4829	4756	4811	1314
4787	4809	4797	4853	4776	4794	4785	4857	4784	4839	1315
4815	4837	4825	4881	4804	4822	4813	4885	4812	4867	1316
4843	4865	4853	4909	4832	4850	4841	4913	4840	4895	1317
4871	4893	4881	4937	4860	4878	4869	4941	4868	4923	1318
4899	4921	4909	4965	4888	4906	4897	4969	4896	4951	1319
4927	4949	4937	4993	4916	4934	4925	4997	4924	4979	1320
4955	4977	4965	5021	4944	4962	4953	5025	4952	5007	1321
4983	5005	4993	5049	4972	4990	4981	5053	4980	5035	1322
5011	5033	5021	5077	5000	5018	5009	5081	5008	5063	1323
5039	5061	5049	5105	5028	5046	5037	5109	5036	5091	1324
5067	5089	5077	5133	5056	5074	5065	5137	5064	5119	1325
5095	5117	5105	5161	5084	5102	5093	5165	5092	5147	1326
5123	5145	5133	5189	5112	5130	5121	5193	5120	5175	1327
5151	5173	5161	5217	5140	5158	5149	5221	5148	5203	1328
5179	5201	5189	5245	5168	5186	5177	5249	5176	5231	1329
5207	5229	5217	5273	5196	5214	5205	5277	5204	5259	1330
5235	5257	5245	5301	5224	5242	5233	5305	5232	5287	1331
5263	5285	5273	5329	5252	5270	5261	5333	5260	5315	1332
5291	5313	5301	5357	5280	5298	5289	5361	5288	5343	1333
5319	5341	5329	5385	5308	5326	5317	5389	5316	5371	1334
5347	5369	5357	5413	5336	5354	5345	5417	5344	5399	1335
5375	5397	5385	5441	5364	5382	5373	5445	5372	5427	1336
5403	5425	5413	5469	5392	5410	5401	5473	5400	5455	1337
5431	5453	5441	5497	5420	5438	5429	5501	5428	5483	1338
5459	5481	5469	5525	5448	5466	5457	5529	5456	5511	1339
5487	5509	5497	5553	5476	5494	5485	5557	5484	5539	1340
5515	5537	5525	5581	5504	5522	5513	5585	5512	5567	1341
5543	5565	5553	5609	5532	5550	5541	5613	5540	5595	1342
5571	5593	5581	5637	5560	5578	5569	5641	5568	5623	1343
5599	5621	5609	5665	5588	5606	5597	5669	5596	5651	1344
5627	5649	5637	5693	5616	5634	5625	5697	5624	5679	1345
5655	5677	5665	5721	5644	5662	5653	5725	5652	5707	1346
5683	5705	5693	5749	5672	5690	5681	5753	5680	5735	1347
5711	5733	5721	5777	5700	5718	5709	5781	5708	5763	1348
5739	5761	5749	5805	5728	5746	5737	5809	5736	5791	1349
5767	5789	5777	5833	5756	5774	5765	5837	5764	5819	1350
5795	5817	5805	5861	5784	5802	5793	5865	5792	5847	1351
5823	5845	5833	5889	5812	5830	5821	5893	5820	5875	1352
5851	5873	5861	5917	5840	5858	5849	5921	5848	5903	1353
5879	5901	5889	5945	5868	5886	5877	5949	5876	5931	1354
5907	5929	5917	5973	5896	5914	5905	5977	5904	5959	1355
5935	5957	5945	6001	5924	5942	5933	6005	5932	5987	1356
5963	5985	5973	6029	5952	5970	5961	6033	5960	6015	1357
5991	6013	6001	6057	5980	5998	5989	6061	5988	6043	1358
6019	6041	6029	6085	6008	6026	6017	6089	6016	6071	1359
6047	6069	6057	6113	6036	6054	6045	6117	6044	6099	1360
6075	6097	6085	6141	6064	6082	6073	6145	6072	6127	1361
6103	6125	6113	6169	6092	6110	6101	6173	6100	6155	1362
6131	6153	6141	6197	6120	6138	6129	6201	6128	6183	1363
6159	6181	6169	6225	6148	6166	6157	6229	6156	6211	1364
6187	6209	6197	6253	6176	6194	6185	6257	6184	6239	1365
6215	6237	6225	6281	6204	6222	6213	6285	6212	6267	1366
6243	6265	6253	6309	6232	6250	6241	6313	6240	6295	1367
6271	6293	6281	6337	6260	6278	6269	6341	6268	6323	1368
6299	6321	6309	6365	6288	6306	6297	6369	6296	6351	1369
6327	6349	6337	6393	6316	6334	6325	6397	6324	6379	1370
6355	6377	6365	6421	6344	6362	6353	6425	6352	6407	1371
6383	6405	6393	6449	6372	6390	6381	6453	6380	6435	1372
6411	6433	6421	6477	6400	6418	6409	6481	6408	6463	1373
6439	6461	6449	6505	6428	6446	6437	6509	6436	6491	1374
6467	6489	6477	6533	6456	6474	6465	6537	6464	6519	1375
6495	6517	6505	6561	6484	6502	6493	6565	6492	6547	1376
6523	6545	6533	6589	6512	6530	6521	6593	6520	6575	1377
6551	6573	6561	6617	6540	6558	6549	6621	6548	6603	1378
6579	6601	6589	6645	6568	6586	6577	6649	6576	6631	1379
6607	6629	6617	6673	6596	6614	6605	6677	6604	6659	1380
6635	6657	6645	6701	6624	6642	6633	6705	6632	6687	1381
6663	6685	6673	6729	6652	6670	6661	6733	6660	6715	1382
6691	6713	6701	6757	6680	6698	6689	6761	6688	6743	1383
6719	6741	6729	6785	6708	6726	6717	6789	6716	6771	1384
6747	6769	6757	6813	6736	6754	6745	6817	6744	6799	1385
6775	6797	6785	6841	6764	6782	6773	6845	6772	6827	1386
6803	6825	6813	6869	6792	6810	6801	6873	6800	6855	1387
6831	6853	6841	6897	6820	6838	6829	6901	6828	6883	1388
6859	6881	6869	6925	6848	6866	6857	6929	6856	6911	1389
6887	6909	6897	6953	6876	6894	6885	6957	6884	6939	1390
6915	6937	6925	6981	6904	6922	6913	6985	6912	6967	1391
6943	6965	6953	7009	6932	6950	6941	7013	6940	6995	1392
6971	6993	6981	7037	6960	6978	6969	7041	6968	7023	1393
6999	7021	7009	7065	6988	7006	6997	7069	6996	7051	1394
7027	7049	7037	7093	7016	7034	7025	7097	7024	7079	1395
7055	7077	7065	7121	7044	7062	7053	7125	7052	7107	1396
7083	7105	7093	7149	7072	7090	7081	7153	7080	7135	1397
7111	7133	7121	7177	7100	7118	7109	7181	7108	7163	1398
7139	7161	7149	7205	7128	7146	7137	7209	7136	7191	1399
7167	7189	7177	7233	7156	7174	7165	7237	7164	7219	1400
7195	7217	7205	7261	7184	7202	7193	7265	7192	7247	1401
7223	7245	7233	7289	7212	7230	7221	7293	7220	7275	1402
7251	7273	7261	7317	7240	7258	7249	7321	7248	7303	1403
7279	7301	7289	7345	7268	7286	7277	7349	7276	7331	1404
7307	7329	7317	7373	7296	7314	7305	7377	7304	7359	1405
7335	7357	7345	7401	7324	7342	7333	7405	7332	7387	1406
7363	7385	7373	7429	7352	7370	7361	7433	7360	7415	1407
7391	7413	7401	7457	7380	7398	7389	7461	7388	7443	1408
7419	7441	7429	7485	7408	7426	7417	7489	7416	7471	1409
7447	7469	7457	7513	7436	7454	7445	7517	7444	7499	1410
7475	7497	7485	7541	7464	7482	7473	7545	7472	7527	1411
7503	7525	7513	7569	7492	7510	7501	7573	7500	7555	1412
7531	7553	7541	7597	7520	7538	7529	7601	7528	7583	1413
7559	7581	7569	7625	7548	7566	7557	7629	7556	7611	1414
7587	7609	7597	7653	7576	7594	7585	7657	7584	7639	1415
7615	7637	7625	7681	7604	7622	7613	7685	7612	7667	1416
7643	7665	7653	7709	7632	7650	7641	7713	7640	7695	1417
7671	7693	7681	7737	7660	7678	7669	7741	7668	7723	1418
7699	7721	7709	7765	7688	7706	7697	7769	7696	7751	1419
7727	7749	7737	7793	7716	7734	7725	7797	7724	7779	1420
7755	7777	7765	7821	7744	7762	7753	7825	7752	7807	1421
7783	7805	7793	7849	7772	7790	7781	7853	7780	7835	1422
7811	7833	7821	7877	7800	7818	7809	7881	7808	7863	1423
7839	7861	7849	7905	7828	7846	7837	7909	7836	7891	1424
7867	7889	7877	7933	7856	7874	7865	7937	7864	7919	1425
7895	7917	7905	7961	7884	7902	7893	7965	7892	7947	1426
7923	7945	7933	7989	7912	7930	7921	7993	7920	7975	1427
7951	7973	7961	8017	7940	7958	7949	8021	7948	8003	1428
7979	8001	7989	8045	7968	7986	7977	8049	7976	8031	1429
8007	8029	8017	8073	7996	8014	8005	8077	8004	8059	1430
8035	8057	8045	8101	8024	8042	8033	8105	8032	8087	1431
8063	8085	8073	8129	8052	8070	8061	8133	8060	8115	1432
8091	8113	8101	8157	8080	8098	8089	8161	8088	8143	1433
8119	8141	8129	8185	8108	8126	8117	8189	8116	8171	1434
8147	8169	8157	8213	8136	8154	8145	8217	8144	8199	1435
8175	8197	8185	8241	8164	8182	8173	8245	8172	8227	1436
8203	8225	8213	8269	8192	8210	8201	8273	8200	8255	1437
8231	8253	8241	8297	8220	8238	8229	8301	8228	8283	1438
8259	8281	8269	8325	8248	8266	8257	8329	8256	8311	1439
8287	8309	8297	8353	8276	8294	8285	8357	8284	8339	1440
8315	8337	8325	8381	8304	8322	8313	8385	8312	8367	1441
8343	8365	8353	8409	8332	8350	8341	8413	8340	8395	1442
8371	8393	8381	8437	8360	8378	8369	8441	8368	8423	1443
8399	8421	8409	8465	8388	8406	8397	8469	8396	8451	1444
8427	8449	8437	8493	8416	8434	8425	8497	8424	8479	1445
8455	8477	8465	8521	8444	8462	8453	8525	8452	8507	1446
8483	8505	8493	8549	8472	8490	8481	8553	8480	8535	1447
8511	8533	8521	8577	8500	8518	8509	8581	8508	8563	1448
8539	8561	8549	8605	8528	8546	8537	8609	8536	8591	1449
8567	8589	8577	8633	8556	8574	8565	8637	8564	8619	1450
8595	8617	8605	8661	8584	8602	8593	8665	8592	8647	1451
8623	8645	8633	8689	8612	8630	8621	8693	8620	8675	1452
8651	8673	8661	8717	8640	8658	8649	8721	8648	8703	1453
8679	8701	8689	8745	8668	8686	8677	8749	8676	8731	1454
8707	8729	8717	8773	8696	8714	8705	8777	8704	8759	1455
8735	8757	8745	8801	8724	8742	8733	8805	8732	8787	1456
8763	8785	8773	8829	8752	8770	8761	8833	8760	8815	1457
8791	8813	8801	8857	8780	8798	8789	8861	8788	8843	1458
8819	8841	8829	8885	8808	8826	8817	8889	8816	8871	1459
8847	8869	8857	8913	8836	8854	8845	8917	8844	8899	1460
8875	8897	8885	8941	8864	8882	8873	8945	8872	8927	1461
8903	8925	8913	8969	8892	8910	8901	8973	8900	8955	1462
8931	8953	8941	8997	8920	8938	8929	9001	8928	8983	1463
8959	8981	8969	9025	8948	8966	8957	9029	8956	9011	1464
8987	9009	8997	9053	8976	8994	8985	9057	8984	9039	1465
9015	9037	9025	9081	9004	9022	9013	9085	9012	9067	1466
9043	9065	9053	9109	9032	9050	9041	9113	9040	9095	1467
9071	9093	9081	9137	9060	9078	9069	9141	9068	9123	1468
9099	9121	9109	9165	9088	9106	9097	9169	9096	9151	1469
9127	9149	9137	9193	9116	9134	9125	9197	9124	9179	1470
9155	9177	9165	9221	9144	9162	9153	9225	9152	9207	1471
9183	9205	9193	9249	9172	9190	9181	9253	9180	9235	1472
9211	9233	9221	9277	9200	9218	9209	9281	9208	9263	1473
9239	9261	9249	9305	9228	9246	9237	9309	9236	9291	1474
9267	9289	9277	9333	9256	9274	9265	9337	9264	9319	1475
9295	9317	9305	9361	9284	9302	9293	9365	9292	9347	1476
9323	9345	9333	9389	9312	9330	9321	9393	9320	9375	1477
9351	9373	9361	9417	9340	9358	9349	9421	9348	9403	1478
9379	9401	9389	9445	9368	9386	9377	9449	9376	9431	1479
9407	9429	9417	9473	9396	9414	9405	9477	9404	9459	1480
9435	9457	9445	9501	9424	9442	9433	9505	9432	9487	1481
9463	9485	9473	9529	9452	9470	9461	9533	9460	9515	1482
9491	9513	9501	9557	9480	9498	9489	9561	9488	9543	1483
9519	9541	9529	9585	9508	9526	9517	9589	9516	9571	1484
9547	9569	9557	9613	9536	9554	9545	9617	9544	9599	1485
9575	9597	9585	9641	9564	9582	9573	9645	9572	9627	1486
9603	9625	9613	9669	9592	9610	9601	9673	9600	9655	1487
9631	9653	9641	9697	9620	9638	9629	9701	9628	9683	1488
9659	9681	9669	9725	9648	9666	9657	9729	9656	9711	1489
9687	9709	9697	9753	9676	9694	9685	9757	9684	9739	1490
9715	9737	9725	9781	9704	9722	9713	9785	9712	9767	1491
9743	9765	9753	9809	9732	9750	9741	9813	9740	9795	1492
9771	9793	9781	9837	9760	9778	9769	9841	9768	9823	1493
9799	9821	9809	9865	9788	9806	9797	9869	9796	9851	1494
9827	9849	9837	9893	9816	9834	9825	9897	9824	9879	1495
9855	9877	9865	9921	9844	9862	9853	9925	9852	9907	1496
9883	9905	9893	9949	9872	9890	9881	9953	9880	9935	1497
9911	9933	9921	9977	9900	9918	9909	9981	9908	9963	1498
9939	9961	9949	10005	9928	9946	9937	10009	9936	9991	1499
9967	9989	9977	10033	9956	9974	9965	10037	9964	10019	1500
