-24770	-24770	-24770	-24752	-24752	-24752	-24752	-24752	-24752	-24750		---1
-24750	-24750	-24750	-24750	-24750	-24734	-24734	-24734	-24734	-24728		---2
-24704	-24728	-24704	-22756	0	1	2	3	4	5		---3
6	7	8	9	10	11	12	12	13	14		---4
15	16	17	18	19	20	20	21	21	22		---5
23	23	24	25	26	27	28	29	30	30		---6
31	32	33	33	34	35	36	37	38	39		---7
40	40	41	42	43	44	45	45	46	47		---8
48	48	49	49	50	51	51	52	53	54		---9
55	56	57	58	58	59	60	61	61	62		---10
63	64	65	66	67	68	68	69	70	71		---11
72	73	73	74	75	75	76	76	77	77		---12
78	79	79	80	81	82	83	84	85	86		---13
86	87	88	89	89	89	90	91	92	93		---14
93	94	95	96	96	97	98	99	100	101		---15
101	102	103	103	104	104	105	105	106	107		---16
107	108	109	110	111	112	113	114	114	115		---17
116	117	117	117	118	119	120	121	121	122		---18
123	124	124	125	126	127	128	129	129	130		---19
131	131	132	132	133	133	134	135	135	136		---20
137	138	139	140	141	142	142	143	144	145		---21
145	145	146	147	148	149	149	150	151	152		---22
152	153	154	155	156	157	157	158	159	159		---23
160	160	161	161	162	163	163	164	165	166		---24
166	167	167	168	168	169	169	170	170	170		---25
171	171	172	172	173	173	173	173	174	174		---26
175	175	176	176	177	177	177	178	178	179		---27
179	180	180	180	181	181	182	182	183	183		---28
184	184	185	185	185	186	186	187	187	187		---29
188	188	188	189	189	189	190	190	191	191		---30
191	192	192	193	193	194	194	195	195	196		---31
196	197	197	198	198	198	199	199	200	200		---32
201	201	201	201	202	202	203	203	204	204		---33
205	205	205	206	206	207	207	208	208	208		---34
209	209	210	210	211	211	212	212	213	213		---35
213	214	214	215	215	215	216	216	216	217		---36
217	217	218	218	219	219	219	220	220	221		---37
221	222	222	223	223	224	224	225	225	226		---38
226	226	227	227	228	228	229	229	229	229		---39
230	230	231	231	232	232	233	233	233	234		---40
234	235	235	236	236	236	237	237	238	238		---41
239	239	241	243	244	245	247	254	257	257		---42
261	264	269	271	272	273	275	282	285	285		---43
289	292	297	299	300	301	303	310	313	313		---44
317	320	325	327	328	329	331	331	331	331		---45
331	331	331	331	331	331	331	331	331	331		---46
331	331	331	331	331	331	331	331	331	331		---47
331	331	331	331	331	338	341	341	345	348		---48
353	355	356	357	359	366	369	369	373	376		---49
381	383	384	385	387	394	397	397	401	404		---50
409	411	412	413	414	415	415	416	417	418		---51
419	420	421	422	422	423	424	425	425	425		---52
426	427	428	429	429	430	431	432	432	433		---53
434	435	436	437	437	438	439	439	440	440		---54
441	441	442	443	443	444	445	446	447	448		---55
449	450	450	451	452	453	453	453	454	455		---56
456	457	457	458	459	460	460	461	462	463		---57
464	465	465	466	467	467	468	468	469	469		---58
470	471	471	472	473	474	475	476	477	478		---59
478	479	480	481	481	481	482	483	484	485		---60
485	486	487	488	488	489	490	491	492	493		---61
493	494	495	495	496	496	497	497	498	499		---62
499	500	501	502	503	504	505	506	506	507		---63
508	509	509	509	510	511	512	513	513	514		---64
515	516	516	517	518	519	520	521	521	522		---65
523	523	524	524	525	525	526	527	527	528		---66
529	530	531	532	533	534	534	535	536	537		---67
537	537	538	539	540	541	541	542	543	544		---68
544	545	546	547	548	549	549	550	551	551		---69
552	552	553	553	554	555	555	556	557	558		---70
559	560	561	562	562	563	564	565	565	565		---71
566	567	568	569	569	570	571	572	572	573		---72
574	575	576	577	577	578	579	579	580	580		---73
581	581	582	583	583	584	585	586	587	588		---74
589	590	590	591	592	593	593	593	594	595		---75
596	597	597	598	599	600	600	601	602	603		---76
604	605	605	606	607	607	608	608	609	609		---77
610	611	611	612	613	614	615	616	617	618		---78
618	619	620	621	621	621	622	623	624	625		---79
625	625	625	626	627	628	628	629	629	630		---80
631	632	632	633	633	634	635	635	636	636		---81
637	637	637	638	639	639	639	640	640	641		---82
641	642	643	643	644	645	646	646	647	648		---83
649	649	649	650	650	651	652	653	653	653		---84
653	654	655	656	656	657	657	658	659	660		---85
660	661	661	662	663	663	664	664	665	665		---86
665	666	667	667	667	668	668	669	669	670		---87
671	671	672	673	674	674	675	676	677	677		---88
677	678	678	679	680	681	681	681	681	682		---89
683	684	684	685	685	686	687	688	688	689		---90
689	690	691	691	692	692	693	693	693	694		---91
695	695	695	696	696	697	697	698	699	699		---92
700	701	702	702	703	704	705	705	705	706		---93
706	707	708	709	709	709	709	710	711	712		---94
712	713	713	714	715	716	716	717	717	718		---95
719	719	720	720	721	721	721	722	723	723		---96
723	724	724	725	725	726	727	727	728	729		---97
730	730	731	732	733	733	733	734	734	735		---98
736	737	737	737	737	738	739	740	740	741		---99
741	742	743	744	744	745	745	746	747	747		---100
748	748	749	749	749	750	751	751	751	752		---101
752	753	753	754	755	755	756	757	758	758		---102
759	760	761	761	761	762	762	763	764	765		---103
765	765	765	766	767	768	768	769	769	770		---104
771	772	772	773	773	774	775	775	776	776		---105
777	777	777	778	779	779	779	780	780	781		---106
781	782	783	783	784	785	786	786	787	788		---107
789	789	789	790	790	791	792	793	793	793		---108
793	794	795	796	796	797	797	798	799	800		---109
800	801	801	802	803	803	804	804	805	805		---110
805	806	807	807	807	808	808	809	809	810		---111
811	811	812	813	814	814	815	816	817	817		---112
817	818	818	819	820	821	821	821	821	822		---113
823	824	824	825	825	826	827	828	828	829		---114
829	830	831	831	832	832	833	833	833	834		---115
835	835	835	836	836	837	837	838	839	839		---116
840	841	842	842	843	844	845	845	845	846		---117
846	847	848	849	849	849	849	850	851	852		---118
852	853	853	854	855	856	856	857	857	858		---119
859	859	860	860	861	861	861	862	863	863		---120
863	864	864	865	865	866	867	867	868	869		---121
870	870	871	872	873	873	873	874	874	875		---122
876	877	877	877	877	878	879	880	880	881		---123
881	882	883	884	884	885	885	886	887	887		---124
888	888	889	889	889	890	891	891	891	892		---125
892	893	893	894	895	895	896	897	898	898		---126
899	900	901	901	901	902	902	903	904	905		---127
905	905	905	906	907	908	908	909	909	910		---128
911	912	912	913	913	914	915	915	916	916		---129
917	917	917	918	919	919	919	920	920	921		---130
921	922	923	923	924	925	926	926	927	928		---131
929	929	929	930	930	931	932	933	933	933		---132
933	934	935	936	936	937	937	938	939	940		---133
940	941	941	942	943	943	944	944	945	945		---134
945	946	947	947	947	948	948	949	949	950		---135
951	951	952	953	954	954	955	956	957	957		---136
957	958	958	959	960	961	961	961	961	962		---137
963	964	964	965	965	966	967	968	968	969		---138
969	970	971	971	972	972	973	973	973	974		---139
975	975	975	976	976	977	977	978	979	979		---140
980	981	982	982	983	984	985	985	985	986		---141
986	987	988	989	989	989	989	990	991	992		---142
992	993	993	994	995	996	996	997	997	998		---143
999	999	1000	1000	1001	1001	1001	1002	1003	1003		---144
1003	1004	1004	1005	1005	1006	1007	1007	1008	1009		---145
1010	1010	1011	1012	1013	1013	1013	1014	1014	1015		---146
1016	1017	1017	1017	1017	1018	1019	1020	1020	1021		---147
1021	1022	1023	1024	1024	1025	1025	1026	1027	1027		---148
1028	1028	1029	1029	1029	1030	1031	1031	1031	1032		---149
1032	1033	1033	1034	1035	1035	1036	1037	1038	1038		---150
1039	1040	1041	1041	1041	1042	1042	1043	1044	1045		---151
1045	1045	1045	1046	1047	1048	1048	1049	1049	1050		---152
1051	1052	1052	1053	1053	1054	1055	1055	1056	1056		---153
1057	1057	1057	1058	1059	1059	1059	1060	1060	1061		---154
1061	1062	1063	1063	1064	1065	1066	1066	1067	1068		---155
1069	1069	1069	1070	1070	1071	1072	1073	1073	1073		---156
1073	1074	1075	1076	1076	1077	1077	1078	1079	1080		---157
1080	1081	1081	1082	1083	1083	1084	1084	1085	1085		---158
1085	1086	1087	1087	1087	1088	1088	1089	1089	1090		---159
1091	1091	1092	1093	1094	1094	1095	1096	1097	1097		---160
1097	1098	1098	1099	1100	1101	1101	1101	1101	1102		---161
1103	1104	1104	1105	1105	1106	1107	1108	1108	1109		---162
1109	1110	1111	1111	1112	1112	1113	1113	1113	1114		---163
1115	1115	1115	1116	1116	1117	1117	1118	1119	1119		---164
1120	1121	1122	1122	1123	1124	1125	1125	1125	1126		---165
1126	1127	1128	1129	1129	1129	1129	1130	1131	1132		---166
1132	1133	1133	1134	1135	1136	1136	1137	1137	1138		---167
1139	1139	1140	1140	1141	1141	1141	1142	1143	1143		---168
1143	1144	1144	1145	1145	1146	1147	1147	1148	1149		---169
1150	1150	1151	1152	1153	1153	1153	1154	1154	1155		---170
1156	1157	1157	1157	1157	1158	1159	1160	1160	1161		---171
1161	1162	1163	1164	1164	1165	1165	1166	1167	1167		---172
1168	1168	1169	1169	1169	1170	1171	1171	1171	1172		---173
1172	1173	1173	1174	1175	1175	1176	1177	1178	1178		---174
1179	1180	1181	1181	1181	1182	1182	1183	1184	1185		---175
1185	1185	1185	1186	1187	1188	1188	1189	1189	1190		---176
1191	1192	1192	1193	1193	1194	1195	1195	1196	1196		---177
1197	1197	1197	1198	1199	1199	1199	1200	1200	1201		---178
1201	1202	1203	1203	1204	1205	1206	1206	1207	1208		---179
1209	1209	1209	1210	1210	1211	1212	1213	1213	1213		---180
1213	1214	1215	1216	1216	1217	1217	1218	1219	1220		---181
1220	1221	1221	1222	1223	1223	1224	1224	1225	1225		---182
1225	1226	1227	1227	1227	1228	1228	1229	1229	1230		---183
1231	1231	1232	1233	1234	1234	1235	1236	1237	1237		---184
1237	1238	1238	1239	1240	1241	1241	1241	1241	1242		---185
1243	1244	1244	1245	1245	1246	1247	1248	1248	1249		---186
1249	1250	1251	1251	1252	1252	1253	1253	1253	1254		---187
1255	1255	1255	1256	1256	1257	1257	1258	1259	1259		---188
1260	1261	1262	1262	1263	1264	1265	1265	1265	1266		---189
1266	1267	1268	1269	1269	1269	1269	1270	1271	1272		---190
1272	1273	1273	1274	1275	1276	1276	1277	1277	1278		---191
1279	1279	1280	1280	1281	1281	1281	1282	1283	1283		---192
1283	1284	1284	1285	1285	1286	1287	1287	1288	1289		---193
1290	1290	1291	1292	1293	1293	1293	1294	1294	1295		---194
1296	1297	1297	1297	1297	1298	1299	1300	1300	1301		---195
1301	1302	1303	1304	1304	1305	1305	1306	1307	1307		---196
1308	1308	1309	1309	1309	1310	1311	1311	1311	1312		---197
1312	1313	1313	1314	1315	1315	1316	1317	1318	1318		---198
1319	1320	1321	1321	1321	1322	1322	1323	1324	1325		---199
1325	1325	1328	1329	1332	1333	1335	1336	1337	1337		---200
1339	1339	1340	1341	1343	1346	1349	1349	1350	1353		---201
1353	1353	1356	1357	1360	1361	1363	1364	1365	1365		---202
1367	1367	1368	1369	1371	1374	1377	1377	1378	1381		---203
1381	1381	1384	1385	1388	1389	1391	1392	1393	1393		---204
1395	1395	1396	1397	1399	1402	1405	1405	1406	1409		---205
1409	1409	1412	1413	1416	1417	1419	1420	1421	1421		---206
1423	1423	1424	1425	1427	1430	1433	1433	1434	1437		---207
1437	1437	1440	1441	1444	1445	1447	1448	1449	1449		---208
1451	1451	1452	1453	1455	1458	1461	1461	1462	1465		---209
1465	1465	1468	1469	1472	1473	1475	1476	1477	1477		---210
1479	1479	1480	1481	1483	1486	1489	1489	1490	1493		---211
1493	1493	1496	1497	1500	1501	1503	1504	1505	1505		---212
1507	1507	1508	1509	1511	1514	1517	1517	1518	1521		---213
1521	1521	1524	1525	1528	1529	1531	1532	1533	1533		---214
1535	1535	1536	1537	1539	1542	1545	1545	1546	1549		---215
1549	1549	1552	1553	1556	1557	1559	1560	1561	1561		---216
1563	1563	1564	1565	1567	1570	1573	1573	1574	1577		---217
1577	1577	1580	1581	1584	1585	1587	1588	1589	1589		---218
1591	1591	1592	1593	1595	1598	1601	1601	1602	1605		---219
1605	1605	1608	1609	1612	1613	1615	1616	1617	1617		---220
1619	1619	1620	1621	1623	1626	1629	1629	1630	1633		---221
1633	1633	1636	1637	1640	1641	1643	1644	1645	1645		---222
1647	1647	1648	1649	1651	1654	1657	1657	1658	1661		---223
1661	1661	1664	1665	1668	1669	1671	1672	1673	1673		---224
1675	1675	1676	1677	1679	1682	1685	1685	1686	1689		---225
1689	1689	1692	1693	1696	1697	1699	1700	1701	1701		---226
1703	1703	1704	1705	1707	1710	1713	1713	1714	1717		---227
1717	1717	1720	1721	1724	1725	1727	1728	1729	1729		---228
1731	1731	1732	1733	1735	1738	1741	1741	1742	1745		---229
1745	1745	1748	1749	1752	1753	1755	1756	1757	1757		---230
1759	1759	1760	1761	1763	1766	1769	1769	1770	1773		---231
1773	1773	1776	1777	1780	1781	1783	1784	1785	1785		---232
1787	1787	1788	1789	1791	1794	1797	1797	1798	1801		---233
1801	1801	1804	1805	1808	1809	1811	1812	1813	1813		---234
1815	1815	1816	1817	1819	1822	1825	1825	1826	1829		---235
1829	1829	1832	1833	1836	1837	1839	1840	1841	1841		---236
1843	1843	1844	1845	1847	1850	1853	1853	1854	1857		---237
1857	1857	1860	1861	1864	1865	1867	1868	1869	1869		---238
1871	1871	1872	1873	1875	1878	1881	1881	1882	1885		---239
1885	1885	1888	1889	1892	1893	1895	1896	1897	1897		---240
1899	1899	1900	1901	1903	1906	1909	1909	1910	1913		---241
1913	1913	1916	1917	1920	1921	1923	1924	1925	1925		---242
1927	1927	1928	1929	1931	1934	1937	1937	1938	1941		---243
1941	1941	1944	1945	1948	1949	1951	1952	1953	1953		---244
1955	1955	1956	1957	1959	1962	1965	1965	1966	1969		---245
1969	1969	1972	1973	1976	1977	1979	1980	1981	1981		---246
1983	1983	1984	1985	1987	1990	1993	1993	1994	1997		---247
1997	1997	2000	2001	2004	2005	2007	2008	2009	2009		---248
2011	2011	2012	2013	2015	2018	2021	2021	2022	2025		---249
2025	2025	2028	2029	2032	2033	2035	2036	2037	2037		---250
2039	2039	2040	2041	2043	2046	2049	2049	2050	2053		---251
2053	2053	2056	2057	2060	2061	2063	2064	2065	2065		---252
2067	2067	2068	2069	2071	2074	2077	2077	2078	2081		---253
2081	2081	2084	2085	2088	2089	2091	2092	2093	2093		---254
2095	2095	2096	2097	2099	2102	2105	2105	2106	2109		---255
2109	2109	2112	2113	2116	2117	2119	2120	2121	2121		---256
2123	2123	2124	2125	2127	2130	2133	2133	2134	2137		---257
2137	2137	2140	2141	2144	2145	2147	2148	2149	2149		---258
2151	2151	2152	2153	2155	2158	2161	2161	2162	2165		---259
2165	2165	2168	2169	2172	2173	2175	2176	2177	2177		---260
2179	2179	2180	2181	2183	2186	2189	2189	2190	2193		---261
2193	2193	2196	2197	2200	2201	2203	2204	2205	2205		---262
2207	2207	2208	2209	2211	2214	2217	2217	2218	2221		---263
2221	2221	2224	2225	2228	2229	2231	2232	2233	2233		---264
2235	2235	2236	2237	2239	2242	2245	2245	2246	2249		---265
2249	2249	2252	2253	2256	2257	2259	2260	2261	2261		---266
2263	2263	2264	2265	2267	2270	2273	2273	2274	2277		---267
2277	2277	2280	2281	2284	2285	2287	2288	2289	2289		---268
2291	2291	2292	2293	2295	2298	2301	2301	2302	2305		---269
2305	2305	2308	2309	2312	2313	2315	2316	2317	2317		---270
2319	2319	2320	2321	2323	2326	2329	2329	2330	2333		---271
2333	2333	2336	2337	2340	2341	2343	2344	2345	2345		---272
2347	2347	2348	2349	2351	2354	2357	2357	2358	2361		---273
2361	2361	2364	2365	2368	2369	2371	2372	2373	2373		---274
2375	2375	2376	2377	2379	2382	2385	2385	2386	2389		---275
2389	2389	2392	2393	2396	2397	2399	2400	2401	2401		---276
2403	2403	2404	2405	2407	2410	2413	2413	2414	2417		---277
2417	2417	2420	2421	2424	2425	2427	2428	2429	2429		---278
2431	2431	2432	2433	2435	2438	2441	2441	2442	2445		---279
2445	2445	2448	2449	2452	2453	2455	2456	2457	2457		---280
2459	2459	2460	2461	2463	2466	2469	2469	2470	2473		---281
2473	2473	2476	2477	2480	2481	2483	2484	2485	2485		---282
2487	2487	2488	2489	2491	2494	2497	2497	2498	2501		---283
2501	2501	2504	2505	2508	2509	2511	2512	2513	2513		---284
2515	2515	2516	2517	2519	2522	2525	2525	2526	2529		---285
2529	2529	2532	2533	2536	2537	2539	2540	2541	2541		---286
2543	2543	2544	2545	2547	2550	2553	2553	2554	2557		---287
2557	2557	2560	2561	2564	2565	2567	2568	2569	2569		---288
2571	2571	2572	2573	2575	2578	2581	2581	2582	2585		---289
2585	2585	2588	2589	2592	2593	2595	2596	2597	2597		---290
2599	2599	2600	2601	2603	2606	2609	2609	2610	2613		---291
2613	2613	2616	2616	2616	2616	2616	2617	2620	2621		---292
2623	2624	2625	2625	2627	2627	2628	2629	2631	2634		---293
2637	2637	2637	-24770	2637	2637	2637	2638	2639	2639		---294
2641	2641	2641	2644	2645	2648	2649	2651	2652	2653		---295
2653	2655	2655	2656	2657	2659	2662	2665	2665	2666		---296
2669	2669	2669	2672	2673	2676	2677	2679	2680	2681		---297
2681	2683	2683	2684	2685	2687	2690	2693	2693	2694		---298
2697	2697	2697	2700	2701	2704	2705	2707	2708	2709		---299
2709	2711	2711	2712	2713	2715	2718	2721	2721	2722		---300
2725	2725	2725	2728	2728	2729	2728	2729	2729	2732		---301
2733	2735	2736	2737	2737	2739	2739	2740	2741	2743		---302
2746	2749	2749	2750	2753	2753	2753	2756	2757	2760		---303
2761	2763	2764	2765	2765	2767	2767	2768	2769	2771		---304
2774	2777	2777	2778	2781	2781	2781	2784	2785	2788		---305
2789	2791	2792	2793	2793	2795	2795	2796	2797	2799		---306
2802	2805	2805	2806	2809	2809	2809	2812	2813	2816		---307
2817	2819	2820	2821	2821	2823	2823	2824	2825	2827		---308
2830	2833	2833	2834	2837	2837	2837	2840	2841	2844		---309
2845	2847	2848	2849	2849	2851	2851	2852	2853	2855		---310
2858	2861	2861	2862	2865	2865	2865	2868	2869	2872		---311
2873	2875	2876	2877	2877	2879	2879	2880	2881	2883		---312
2886	2889	2889	2890	2893	2893	2893	2896	2897	2900		---313
2901	2903	2904	2905	2905	2907	2907	2908	2909	2911		---314
2914	2917	2917	2918	2921	2921	2921	2924	2925	2928		---315
2929	2931	2932	2933	2933	2935	2935	2936	2937	2939		---316
2942	2945	2945	2946	2949	2949	2949	2952	2953	2956		---317
2957	2959	2960	2961	2961	2963	2963	2964	2965	2967		---318
2970	2973	2973	2974	2977	2977	2977	2980	2981	2984		---319
2985	2987	2988	2989	2989	2991	2991	2992	2993	2995		---320
2998	3001	3001	3002	3005	3005	3005	3008	3009	3012		---321
3013	3015	3016	3017	3017	3019	3019	3020	3021	3023		---322
3026	3029	3029	3030	3033	3033	3033	3036	3037	3040		---323
3041	3043	3044	3045	3045	3047	3047	3048	3049	3051		---324
3054	3057	3057	3058	3061	3061	3061	3064	3065	3068		---325
3069	3071	3072	3073	3073	3075	3075	3076	3077	3079		---326
3082	3085	3085	3086	3089	3089	3089	3092	3093	3096		---327
3097	3099	3100	3101	3101	3103	3103	3104	3105	3107		---328
3110	3113	3113	3114	3117	3117	3117	3120	3121	3124		---329
3125	3127	3128	3129	3129	3131	3131	3132	3133	3135		---330
3138	3141	3141	3142	3145	3145	3145	3148	3149	3152		---331
3153	3155	3156	3157	3157	3159	3159	3160	3161	3163		---332
3166	3169	3169	3170	3173	3173	3173	3176	3177	3180		---333
3181	3183	3184	3185	3185	3187	3187	3188	3189	3191		---334
3194	3197	3197	3198	3201	3201	3201	3204	3205	3208		---335
3209	3211	3212	3213	3213	3215	3215	3216	3217	3219		---336
3222	3225	3225	3226	3229	3229	3229	3232	3233	3236		---337
3237	3239	3240	3241	3241	3243	3243	3244	3245	3247		---338
3250	3253	3253	3254	3257	3257	3257	3260	3261	3264		---339
3265	3267	3268	3269	3269	3271	3271	3272	3273	3275		---340
3278	3281	3281	3282	3285	3285	3285	3288	3289	3292		---341
3293	3295	3296	3297	3297	3299	3299	3300	3301	3303		---342
3306	3309	3309	3310	3313	3313	3313	3316	3317	3320		---343
3321	3323	3324	3325	3325	3327	3327	3328	3329	3331		---344
3334	3337	3337	3338	3341	3341	3341	3344	3345	3348		---345
3349	3351	3352	3353	3353	3355	3355	3356	3357	3359		---346
3362	3365	3365	3366	3369	3369	3369	3372	3373	3376		---347
3377	3379	3380	3381	3381	3383	3383	3384	3385	3387		---348
3390	3393	3393	3394	3397	3397	3397	3400	3401	3404		---349
3405	3407	3408	3409	3409	3411	3411	3411	3411	3411		---350
3411	3411	3411	3411	3411	3411	3411	3411	3411	3411		---351
3411	3411	3411	3411	3411	3411	3411	3411	3411	3411		---352
3411	3411	3411	3411	3411	3412	3413	3415	3418	3418		---353
3418	3418	3418	3418	3418	3418	3418	3418	3418	3418		---354
3418	3418	3418	3418	3418	3418	3418	3418	3418	3418		---355
3418	3418	3418	3418	3418	3418	3418	3421	3421	3421		---356
3421	3421	3421	3421	3421	3421	3421	3421	3421	3421		---357
3421	3421	3421	3421	3421	3421	3421	3421	3421	3421		---358
3421	3421	3421	3421	3421	3421	3421	3421	3421	3421		---359
3421	3421	3421	3421	3421	3421	3421	3421	3421	3421		---360
3421	3421	3421	3421	3421	3421	3421	3421	3421	3421		---361
3421	3421	3421	3421	3421	3422	3425	3425	3425	3425		---362
3425	3425	3425	3425	3425	3425	3425	3425	3425	3425		---363
3425	3425	3425	3425	3425	3425	3425	3425	3425	3425		---364
3425	3425	3425	3425	3425	3425	3425	3428	3428	3428		---365
3428	3428	3428	3428	3428	3428	3428	3428	3428	3428		---366
3428	3428	3428	3428	3428	3428	3428	3428	3428	3428		---367
3428	3428	3428	3428	3428	3428	3429	3432	3433	3433		---368
3433	3433	3433	3433	3433	3433	3433	3433	3433	3433		---369
3433	3433	3433	3433	3433	3433	3433	3433	3433	3433		---370
3433	3433	3433	3433	3433	3433	3433	3435	3435	3435		---371
3435	3435	3435	3435	3435	3435	3435	3435	3435	3435		---372
3435	3435	3435	3435	3435	3435	3435	3435	3435	3435		---373
3435	3435	3435	3435	3435	3435	3436	3436	3436	3436		---374
3436	3436	3436	3436	3436	3436	3436	3436	3436	3436		---375
3436	3436	3436	3436	3436	3436	3436	3436	3436	3436		---376
3436	3436	3436	3436	3436	3437	3437	3437	3437	3437		---377
3437	3437	3437	3437	3437	3437	3437	3437	3437	3437		---378
3437	3437	3437	3437	3437	3437	3437	3437	3437	3437		---379
3437	3437	3437	3437	3437	3439	3439	3439	3439	3439		---380
3439	3439	3439	3439	3439	3439	3439	3439	3439	3439		---381
3439	3439	3439	3439	3439	3439	3439	3439	3439	3439		---382
3439	3439	3439	3439	3439	3440	3441	3443	3446	3446		---383
3446	3446	3446	3446	3446	3446	3446	3446	3446	3446		---384
3446	3446	3446	3446	3446	3446	3446	3446	3446	3446		---385
3446	3446	3446	3446	3446	3446	3446	3449	3449	3449		---386
3449	3449	3449	3449	3449	3449	3449	3449	3449	3449		---387
3449	3449	3449	3449	3449	3449	3449	3449	3449	3449		---388
3449	3449	3449	3449	3449	3449	3449	3449	3449	3449		---389
3449	3449	3449	3449	3449	3449	3449	3449	3449	3449		---390
3449	3449	3449	3449	3449	3449	3449	3449	3449	3449		---391
3449	3449	3449	3449	3450	3453	3453	3453	3453	3453		---392
3453	3453	3453	3453	3453	3453	3453	3453	3453	3453		---393
3453	3453	3453	3453	3453	3453	3453	3453	3453	3453		---394
3453	3453	3453	3453	3453	3456	3456	331	3411	3418		---395
3421	3421	3425	3428	3433	3435	3436	3437	3439	3446		---396
3449	3449	3453	3456	331	3411	3418	3421	3421	3425		---397
3428	3433	3435	3436	3437	3439	3446	3449	3449	3453		---398
3456	331	3411	3418	3421	3421	3425	3428	3433	3435		---399
3436	3437	3439	3446	3449	3449	3453	3456	331	3411		---400
3418	3421	3421	3425	3428	3433	3435	3436	3437	3439		---401
3446	3449	3449	3453	3456	331	3411	3418	3421	3421		---402
3425	3428	3433	3435	3436	3437	3439	3446	3449	3449		---403
3453	3456	331	3411	3418	3421	3421	3425	3428	3433		---404
3435	3436	3437	3439	3446	3449	3449	3453	3456	331		---405
3411	3418	3421	3421	3425	3428	3433	3435	3436	3437		---406
3439	3446	3449	3449	3453	3456	331	3411	3418	3421		---407
3421	3425	3428	3433	3435	3436	3437	3439	3446	3449		---408
3449	3453	3456	331	3411	3418	3421	3421	3425	3428		---409
3433	3435	3436	3437	3439	3446	3449	3449	3453	3456		---410
331	3411	3418	3421	3421	3425	3428	3433	3435	3436		---411
3437	3439	3446	3449	3449	3453	3456	331	3411	3418		---412
3421	3421	3425	3428	3433	3435	3436	3437	3439	3446		---413
3449	3449	3453	3456	331	3411	3418	3421	3421	3425		---414
3428	3433	3435	3436	3437	3439	3446	3449	3449	3453		---415
3456	331	3411	3418	3421	3421	3425	3428	3433	3435		---416
3436	3437	3439	3446	3449	3449	3453	3456	331	3411		---417
3418	3421	3421	3425	3428	3433	3435	3436	3437	3439		---418
3446	3449	3449	3453	3456	331	3411	3418	3421	3421		---419
3425	3428	3433	3435	3436	3437	3439	3446	3449	3449		---420
3453	3456	331	3411	3418	3421	3421	3425	3428	3433		---421
3435	3436	3437	3439	3446	3449	3449	3453	3456	331		---422
3411	3418	3421	3421	3425	3428	3433	3435	3436	3437		---423
3439	3446	3449	3449	3453	3456	331	3411	3418	3421		---424
3421	3425	3428	3433	3435	3436	3437	3439	3446	3449		---425
3449	3453	3456	331	3411	3418	3421	3421	3425	3428		---426
3433	3435	3436	3437	3439	3446	3449	3449	3453	3456		---427
331	3411	3418	3421	3421	3425	3428	3433	3435	3436		---428
3437	3439	3446	3449	3449	3453	3456	331	3411	3418		---429
3421	3421	3425	3428	3433	3435	3436	3437	3439	3446		---430
3449	3449	3453	-24770	3457	3460	3465	3467	3468	3469		---431
3471	3478	3481	3481	3485	3488	3493	3495	3496	3497		---432
3499	3506	3509	3509	3513	3516	3521	3523	3524	3525		---433
3527	3534	3537	3537	3541	3544	3549	3551	3552	3553		---434
3555	3562	3565	3565	3569	3572	3577	3579	3580	3581		---435
3583	3590	3593	3593	3597	3600	3605	3607	3608	3609		---436
3611	3618	3621	3621	3625	3628	3633	3635	3636	3637		---437
3639	3646	3649	3649	3653	3656	3661	3663	3664	3665		---438
3667	3674	3677	3677	3681	3684	3689	3691	3692	3693		---439
3695	3702	3705	3705	3709	3712	3717	3719	3720	3721		---440
3723	3730	3733	3733	3737	3740	3745	3747	3748	3749		---441
3751	3758	3761	3761	3765	3768	3773	3775	3776	3777		---442
3779	3786	3789	3789	3793	3796	3801	3803	3804	3805		---443
3807	3814	3817	3817	3821	3824	3829	3831	3832	3833		---444
3835	3842	3845	3845	3849	3852	3857	3859	3860	3861		---445
3863	3870	3873	3873	3877	3880	3885	3887	3888	3889		---446
3891	3898	3901	3901	3905	3908	3913	3915	3916	3917		---447
3919	3926	3929	3929	3933	3936	3941	3943	3944	3945		---448
3947	3954	3957	3957	3961	3964	3969	3971	3972	3973		---449
3975	3982	3985	3985	3989	3992	3997	3999	4000	4001		---450
4003	4010	4013	4013	4017	4020	4025	4027	4028	4029		---451
4031	4038	4041	4041	4045	4048	4053	4055	4056	4057		---452
4059	4066	4069	4069	4073	4076	4081	4083	4084	4085		---453
4087	4094	4097	4097	4101	4104	4109	4111	4112	4113		---454
4115	4122	4125	4125	4129	4132	4137	4139	4140	4141		---455
4143	4150	4153	4153	4157	4160	4165	4167	4168	4169		---456
4171	4178	4181	4181	4185	4188	4193	4195	4196	4197		---457
4199	4206	4209	4209	4213	4216	4221	4223	4224	4225		---458
4227	4234	4237	4237	4241	4244	4249	4251	4252	4253		---459
4255	4262	4265	4265	4269	4272	4277	4279	4280	4281		---460
4283	4290	4293	4293	4297	4300	4305	4307	4308	4309		---461
4311	4318	4321	4321	4325	4328	4333	4335	4336	4337		---462
4339	4346	4349	4349	4353	4356	4361	4363	4364	4365		---463
4367	4374	4377	4377	4381	4384	4389	4391	4392	4393		---464
4395	4402	4405	4405	4409	4412	4417	4419	4420	4421		---465
4423	4430	4433	4433	4437	4440	4445	4447	4448	4449		---466
4451	4458	4461	4461	4465	4468	4473	4475	4476	4477		---467
4479	4486	4489	4489	4493	4496	4501	4503	4504	4505		---468
4507	4514	4517	4517	4521	4524	4529	4531	4532	4533		---469
4535	4542	4545	4545	4549	4552	4557	4559	4560	4561		---470
4563	4570	4573	4573	4577	4580	4585	4587	4588	4589		---471
4591	4598	4601	4601	4605	4608	4613	4615	4616	4617		---472
4619	4626	4629	4629	4633	4636	4641	4643	4644	4645		---473
4647	4654	4657	4657	4661	4664	4669	4671	4672	4673		---474
4675	4682	4685	4685	4689	4692	4697	4699	4700	4701		---475
4703	4710	4713	4713	4717	4720	4725	4727	4728	4729		---476
4731	4738	4741	4741	4745	4748	4753	4755	4756	4757		---477
4759	4766	4769	4769	4773	4776	4781	4783	4784	4785		---478
4787	4794	4797	4797	4801	4804	4809	4811	4812	4813		---479
4815	4822	4825	4825	4829	4832	4837	4839	4840	4841		---480
4843	4850	4853	4853	4857	4860	4865	4867	4868	4869		---481
4871	4878	4881	4881	4885	4888	4893	4895	4896	4897		---482
4899	4906	4909	4909	4913	4916	4921	4923	4924	4925		---483
4927	4934	4937	4937	4941	4944	4949	4951	4952	4953		---484
4955	4962	4965	4965	4969	4972	4977	4979	4980	4981		---485
4983	4990	4993	4993	4997	5000	5005	5007	5008	5009		---486
5011	5018	5021	5021	5025	5028	5033	5035	5036	5037		---487
5039	5046	5049	5049	5053	5061	5063	5067	5077	5077		---488
5081	5089	5091	5105	5109	14566	14565	5077	3421	3421		---489
3425	3428	3433	-24750	14566	14563	5077	5089	3449	3449		---490
3453	3456	-24728	14566	14559	1324	5067	5077	5089	3433		---491
3435	-24702	14566	14552	1324	5036	5037	5067	5077	5089		---492
-24670	14566	14538	1323	1324	5028	5036	5037	5039	-24624		---493
14566	14510	1322	1323	1324	4980	5000	5008	-24550	14566		---494
14453	1320	1321	1322	1323	1324	4916	-24418	14566	14339		---495
1314	1315	1316	1317	1318	1319	-24172	14566	14111	1304		---496
1305	1306	1307	1308	1309	-23698	14566	13656	1283	1284		---497
1285	1286	1287	1288	-22770	14566	12746	1242	1243	1244		---498
1245	1246	1247	-20932	14566	10925	625	625	629	632		---499
637	639	-17272	14566	7283	625	625	629	632	637		---500
639	10956	14566	0	650	650	650	650	650	650		---501
650	650	650	650	650	650	650	650	650	650		---502
650	650	650	650	650	650	650	650	650	650		---503
650	650	650	650	650	650	650	650	650	650		---504
650	650	650	650	650	650	650	650	650	650		---505
650	650	650	650	650	650	650	650	650	650		---506
650	650	650	650	650	650	650	650	650	650		---507
650	650	650	650	650	650	650	650	650	650		---508
650	650	650	650	650	650	650	650	650	650		---509
650	650	650	650	650	650	650	650	650	650		---510
650	650	650	650	650	650	650	650	650	650		---511
650	650	650	650	650	650	650	650	650	650		---512
650	650	650	650	650	650	650	650	650	650		---513
650	650	650	650	650	650	650	650	650	650		---514
650	650	650	650	650	650	650	650	650	650		---515
650	650	650	650	650	650	650	650	650	650		---516
650	650	650	650	650	650	650	650	650	650		---517
650	650	650	650	650	650	650	650	650	650		---518
650	650	650	650	650	650	650	650	650	650		---519
650	650	650	650	650	650	650	650	650	650		---520
650	650	650	650	650	650	650	650	650	650		---521
650	650	650	650	650	650	650	650	650	650		---522
650	650	650	650	650	650	650	650	650	650		---523
650	650	650	650	650	650	650	650	650	650		---524
650	650	650	650	650	650	650	650	650	650		---525
650	650	650	650	650	650	650	650	650	650		---526
650	650	650	650	650	650	650	650	650	650		---527
650	650	650	650	650	650	650	650	650	650		---528
650	650	650	650	650	650	650	650	650	650		---529
650	650	650	650	650	650	650	650	650	650		---530
650	650	650	650	650	650	650	650	650	650		---531
650	650	650	650	650	650	650	650	650	650		---532
650	650	650	650	650	650	650	650	650	650		---533
650	650	650	650	650	650	650	650	650	650		---534
650	650	650	650	650	650	650	650	650	650		---535
650	650	650	650	650	650	650	650	650	650		---536
650	650	650	650	650	650	650	650	650	650		---537
650	650	650	650	650	650	650	650	650	650		---538
650	650	650	650	650	650	650	650	650	650		---539
650	650	650	650	650	650	650	650	650	650		---540
650	650	650	650	650	650	650	650	650	650		---541
650	650	650	650	650	650	650	650	650	650		---542
650	650	650	650	650	650	650	650	650	650		---543
650	650	650	650	650	650	650	650	650	650		---544
650	650	650	650	650	650	650	650	650	650		---545
650	650	650	650	650	650	650	650	650	650		---546
650	650	650	650	650	650	650	650	650	650		---547
650	650	650	650	650	650	650	650	650	650		---548
650	650	650	650	650	650	650	650	650	650		---549
650	650	650	650	650	650	650	650	650	650		---550
650	650	650	650	650	650	650	650	650	650		---551
650	650	650	650	650	650	650	650	650	650		---552
650	650	650	650	650	650	650	650	650	650		---553
650	650	650	650	650	650	650	650	650	650		---554
650	650	650	650	650	650	650	650	650	650		---555
650	650	650	650	650	650	650	650	650	650		---556
650	650	650	650	650	650	650	650	650	650		---557
650	650	650	650	650	650	650	650	650	650		---558
650	650	650	650	650	650	650	650	650	650		---559
650	650	650	650	650	650	650	650	650	650		---560
650	650	650	650	650	650	650	650	650	650		---561
650	650	650	650	650	650	650	650	650	650		---562
650	650	650	650	650	650	650	650	650	650		---563
650	650	650	650	650	650	650	650	650	650		---564
650	650	650	650	650	650	650	650	650	650		---565
650	650	650	650	650	650	650	650	650	650		---566
650	650	650	650	650	650	650	650	650	650		---567
650	650	650	650	650	650	650	650	650	650		---568
650	650	650	650	650	650	650	650	650	650		---569
650	650	650	650	650	650	650	650	650	650		---570
650	650	650	650	650	650	650	650	650	650		---571
650	650	650	650	650	650	650	650	650	650		---572
650	650	650	650	650	650	650	650	650	650		---573
650	650	650	650	650	650	650	650	650	650		---574
650	650	650	650	650	650	650	650	650	650		---575
650	650	650	650	650	650	650	650	650	650		---576
650	650	650	650	650	650	650	650	650	650		---577
650	650	650	650	650	650	650	650	650	650		---578
650	650	650	650	650	650	650	650	650	650		---579
650	650	650	650	650	650	650	650	650	650		---580
650	650	650	650	650	650	650	650	650	650		---581
650	650	650	650	650	650	650	650	650	650		---582
650	650	650	650	650	650	650	650	650	650		---583
650	650	650	650	650	650	650	650	650	650		---584
650	650	650	650	650	650	650	650	650	650		---585
650	650	650	650	650	650	650	650	650	650		---586
650	650	650	650	650	650	650	650	650	650		---587
650	650	650	650	650	650	650	650	650	650		---588
650	650	650	650	650	650	650	650	650	650		---589
650	650	650	650	650	650	650	650	650	650		---590
650	650	650	650	650	650	650	650	650	650		---591
650	650	650	650	650	650	650	650	650	650		---592
650	650	650	650	650	650	650	650	650	650		---593
650	650	650	650	650	650	650	650	650	650		---594
650	650	650	650	650	650	650	650	650	650		---595
650	650	650	650	650	650	650	650	650	650		---596
650	650	650	650	650	650	650	650	650	650		---597
650	650	650	650	650	650	650	650	650	650		---598
650	650	650	650	650	650	650	650	650	650		---599
650	650	650	650	650	650	650	650	650	650		---600
650	650	650	650	650	650	650	650	650	650		---601
650	650	650	650	650	650	650	650	650	650		---602
650	650	650	650	650	650	650	650	650	650		---603
650	650	650	650	650	650	650	650	650	650		---604
650	650	650	650	650	650	650	650	650	650		---605
650	650	650	650	650	650	650	650	650	650		---606
650	650	650	650	650	650	650	650	650	650		---607
650	650	650	650	650	650	650	650	650	650		---608
650	650	650	650	650	650	650	650	650	650		---609
650	650	650	650	650	650	650	650	650	650		---610
650	650	650	650	650	650	650	650	650	650		---611
650	650	650	650	650	650	650	650	650	650		---612
650	650	650	650	650	650	650	650	650	650		---613
650	650	650	650	650	650	650	650	650	650		---614
650	650	650	650	650	650	650	650	650	650		---615
650	650	650	650	650	650	650	650	650	650		---616
650	650	650	650	650	650	650	650	650	650		---617
650	650	650	650	650	650	650	650	650	650		---618
650	650	650	650	650	650	650	650	650	650		---619
650	650	650	650	650	650	650	650	650	650		---620
650	650	650	650	650	650	650	650	650	650		---621
650	650	650	650	650	650	650	650	650	650		---622
650	650	650	650	650	650	650	650	650	650		---623
650	650	650	650	650	650	650	650	650	650		---624
650	650	650	650	650	650	650	650	650	650		---625
650	650	650	650	650	650	650	650	650	650		---626
650	650	650	650	650	650	650	650	650	650		---627
650	650	650	650	650	650	650	650	650	650		---628
650	650	650	650	650	650	650	650	650	650		---629
650	650	650	650	650	650	650	650	650	650		---630
650	650	650	650	650	650	650	650	650	650		---631
650	650	650	650	650	650	650	650	650	650		---632
650	650	650	650	650	650	650	650	650	650		---633
650	650	650	650	650	650	650	650	650	650		---634
650	650	650	650	650	650	650	650	650	650		---635
650	650	650	650	650	650	650	650	650	650		---636
650	650	650	650	650	650	650	650	650	650		---637
650	650	650	650	650	650	650	650	650	650		---638
650	650	650	650	650	650	650	650	650	650		---639
650	650	650	650	650	650	650	650	650	650		---640
650	650	650	650	650	650	650	650	650	650		---641
650	650	650	650	650	650	650	650	650	650		---642
650	650	650	650	650	650	650	650	650	650		---643
650	650	650	650	650	650	650	650	650	650		---644
650	650	650	650	650	650	650	650	650	650		---645
650	650	650	650	650	650	650	650	650	650		---646
650	650	650	650	650	650	650	650	650	650		---647
650	650	650	650	650	650	650	650	650	650		---648
650	650	650	650	650	650	650	650	650	650		---649
650	650	650	650	650	650	650	650	650	650		---650
650	650	650	650	650	650	650	650	650	650		---651
650	650	650	650	650	650	650	650	650	650		---652
650	650	650	650	650	650	650	650	650	650		---653
650	650	650	650	650	650	650	650	650	650		---654
650	650	650	650	650	650	650	650	650	650		---655
650	650	650	650	650	650	650	650	650	650		---656
650	650	650	650	650	650	650	650	650	650		---657
650	650	650	650	650	650	650	650	650	650		---658
650	650	650	650	650	650	650	650	650	650		---659
650	650	650	650	650	650	650	650	650	650		---660
650	650	650	650	650	650	650	650	650	650		---661
650	650	650	650	650	650	650	650	650	650		---662
650	650	650	650	650	650	650	650	650	650		---663
650	650	650	650	650	650	650	650	650	650		---664
650	650	650	650	650	650	650	650	650	650		---665
650	650	650	650	650	650	650	650	650	650		---666
650	650	650	650	650	650	650	650	650	650		---667
650	650	650	650	650	650	650	650	650	650		---668
650	650	650	650	650	650	650	650	650	650		---669
650	650	650	650	650	650	650	650	650	650		---670
650	650	650	650	650	650	650	650	650	650		---671
650	650	650	650	650	650	650	650	650	650		---672
650	650	650	650	650	650	650	650	650	650		---673
650	650	650	650	650	650	650	650	650	650		---674
650	650	650	650	650	650	650	650	650	650		---675
650	650	650	650	650	650	650	650	650	650		---676
650	650	650	650	650	650	650	650	650	650		---677
650	650	650	650	650	650	650	650	650	650		---678
650	650	650	650	650	650	650	650	650	650		---679
650	650	650	650	650	650	650	650	650	650		---680
650	650	650	650	650	650	650	650	650	650		---681
650	650	650	650	650	650	650	650	650	650		---682
650	650	650	650	650	650	650	650	650	650		---683
650	650	650	650	650	650	650	650	650	650		---684
650	650	650	650	650	650	650	650	650	650		---685
650	650	650	650	650	650	650	650	650	650		---686
650	650	650	650	650	650	650	650	650	650		---687
650	650	650	650	650	650	650	650	650	650		---688
650	650	650	650	650	650	650	650	650	650		---689
650	650	650	650	650	650	650	650	650	650		---690
650	650	650	650	650	650	650	650	650	650		---691
650	650	650	650	650	650	650	650	650	650		---692
650	650	650	650	650	650	650	650	650	650		---693
650	650	650	650	650	650	650	650	650	650		---694
650	650	650	650	650	650	650	650	650	650		---695
650	650	650	650	650	650	650	650	650	650		---696
650	650	650	650	650	650	650	650	650	650		---697
650	650	650	650	650	650	650	650	650	650		---698
650	650	650	650	650	650	650	650	650	650		---699
650	650	650	650	650	650	650	650	650	650		---700
650	650	650	650	650	650	650	650	650	650		---701
650	650	650	650	650	650	650	650	650	650		---702
650	650	650	650	650	650	650	650	650	650		---703
650	650	650	650	650	650	650	650	650	650		---704
650	650	650	650	650	650	650	650	650	650		---705
650	650	650	650	650	650	650	650	650	650		---706
650	650	650	650	650	650	650	650	650	650		---707
650	650	650	650	650	650	650	650	650	650		---708
650	650	650	650	650	650	650	650	650	650		---709
650	650	650	650	650	650	650	650	650	650		---710
650	650	650	650	650	650	650	650	650	650		---711
650	650	650	650	650	650	650	650	650	650		---712
650	650	650	650	650	650	650	650	650	650		---713
650	650	650	650	650	650	650	650	650	650		---714
650	650	650	650	650	650	650	650	650	650		---715
650	650	650	650	650	650	650	650	650	650		---716
650	650	650	650	650	650	650	650	650	650		---717
650	650	650	650	650	650	650	650	650	650		---718
650	650	650	650	650	650	650	650	650	650		---719
650	650	650	650	650	650	650	650	650	650		---720
650	650	650	650	650	650	650	650	650	650		---721
650	650	650	650	650	650	650	650	650	650		---722
650	650	650	650	650	650	650	650	650	650		---723
650	650	650	650	650	650	650	650	650	650		---724
650	650	650	650	650	650	650	650	650	650		---725
650	650	650	650	650	650	650	650	650	650		---726
650	650	650	650	650	650	650	650	650	650		---727
650	650	650	650	650	650	650	650	650	650		---728
650	650	650	650	650	650	650	650	650	650		---729
650	650	650	650	650	650	650	650	650	650		---730
650	650	650	650	650	650	650	650	650	650		---731
650	650	650	650	650	650	650	650	650	650		---732
650	650	650	650	650	650	650	650	650	650		---733
650	650	650	650	650	650	650	650	650	650		---734
650	650	650	650	650	650	650	650	650	650		---735
650	650	650	650	650	650	650	650	650	650		---736
650	650	650	650	650	650	650	650	650	650		---737
650	650	650	650	650	650	650	650	650	650		---738
650	650	650	650	650	650	650	650	650	650		---739
650	650	650	650	650	650	650	650	650	650		---740
650	650	650	650	650	650	650	650	650	650		---741
650	650	650	650	650	650	650	650	650	650		---742
650	650	650	650	650	650	650	650	650	650		---743
650	650	650	650	650	650	650	650	650	650		---744
650	650	650	650	650	650	650	650	650	650		---745
650	650	650	650	650	650	650	650	650	650		---746
650	650	650	650	650	650	650	650	650	650		---747
650	650	650	650	650	650	650	650	650	650		---748
650	650	650	650	650	650	650	650	650	650		---749
650	650	650	650	650	650	650	650	650	650		---750
650	650	650	650	650	650	650	650	650	650		---751
650	650	650	650	650	650	650	650	650	650		---752
650	650	650	650	650	650	650	650	650	650		---753
650	650	650	650	650	650	650	650	650	650		---754
650	650	650	650	650	650	650	650	650	650		---755
650	650	650	650	650	650	650	650	650	650		---756
650	650	650	650	650	650	650	650	650	650		---757
650	650	650	650	650	650	650	650	650	650		---758
650	650	650	650	650	650	650	650	650	650		---759
650	650	650	650	650	650	650	650	650	650		---760
650	650	650	650	650	650	650	650	650	650		---761
650	650	650	650	650	650	650	650	650	650		---762
650	650	650	650	650	650	650	650	650	650		---763
650	650	650	650	650	650	650	650	650	650		---764
650	650	650	650	650	650	650	650	650	650		---765
650	650	650	650	650	650	650	650	650	650		---766
650	650	650	650	650	650	650	650	650	650		---767
650	650	650	650	650	650	650	650	650	650		---768
650	650	650	650	650	650	650	650	650	650		---769
650	650	650	650	650	650	650	650	650	650		---770
650	650	650	650	650	650	650	650	650	650		---771
650	650	650	650	650	650	650	650	650	650		---772
650	650	650	650	650	650	650	650	650	650		---773
650	650	650	650	650	650	650	650	650	650		---774
650	650	650	650	650	650	650	650	650	650		---775
650	650	650	650	650	650	650	650	650	650		---776
650	650	650	650	650	650	650	650	650	650		---777
650	650	650	650	650	650	650	650	650	650		---778
650	650	650	650	650	650	650	650	650	650		---779
650	650	650	650	650	650	650	650	650	650		---780
650	650	650	650	650	650	650	650	650	650		---781
650	650	650	650	650	650	650	650	650	650		---782
650	650	650	650	650	650	650	650	650	650		---783
650	650	650	650	650	650	650	650	650	650		---784
650	650	650	650	650	650	650	650	650	650		---785
650	650	650	650	650	650	650	650	650	650		---786
650	650	650	650	650	650	650	650	650	650		---787
650	650	650	650	650	650	650	650	650	650		---788
650	650	650	650	650	650	650	650	650	650		---789
650	650	650	650	650	650	650	650	650	650		---790
650	650	650	650	650	650	650	650	650	650		---791
650	650	650	650	650	650	650	650	650	650		---792
650	650	650	650	650	650	650	650	650	650		---793
650	650	650	650	650	650	650	650	650	650		---794
650	650	650	650	650	650	650	650	650	650		---795
650	650	650	650	650	650	650	650	650	650		---796
650	650	650	650	650	650	650	650	650	650		---797
650	650	650	650	650	650	650	650	650	650		---798
650	650	650	650	650	650	650	650	650	650		---799
650	650	650	650	650	650	650	650	650	650		---800
650	650	650	650	650	650	650	650	650	650		---801
650	650	650	650	650	650	650	650	650	650		---802
650	650	650	650	650	650	650	650	650	650		---803
650	650	650	650	650	650	650	650	650	650		---804
650	650	650	650	650	650	650	650	650	650		---805
650	650	650	650	650	650	650	650	650	650		---806
650	650	650	650	650	650	650	650	650	650		---807
650	650	650	650	650	650	650	650	650	650		---808
650	650	650	650	650	650	650	650	650	650		---809
650	650	650	650	650	650	650	650	650	650		---810
650	650	650	650	650	650	650	650	650	650		---811
650	650	650	650	650	650	650	650	650	650		---812
650	650	650	650	650	650	650	650	650	650		---813
650	650	650	650	650	650	650	650	650	650		---814
650	650	650	650	650	650	650	650	650	650		---815
650	650	650	650	650	650	650	650	650	650		---816
650	650	650	650	650	650	650	650	650	650		---817
650	650	650	650	650	650	650	650	650	650		---818
650	650	650	650	650	650	650	650	650	650		---819
650	650	650	650	650	650	650	650	650	650		---820
650	650	650	650	650	650	650	650	650	650		---821
650	650	650	650	650	650	650	650	650	650		---822
650	650	650	650	650	650	650	650	650	650		---823
650	650	650	650	650	650	650	650	650	650		---824
650	650	650	650	650	650	650	650	650	650		---825
650	650	650	650	650	650	650	650	650	650		---826
650	650	650	650	650	650	650	650	650	650		---827
650	650	650	650	650	650	650	650	650	650		---828
650	650	650	650	650	650	650	650	650	650		---829
650	650	650	650	650	650	650	650	650	650		---830
650	650	650	650	650	650	650	650	650	650		---831
650	650	650	650	650	650	650	650	650	650		---832
650	650	650	650	650	650	650	650	650	650		---833
650	650	650	650	650	650	650	650	650	650		---834
650	650	650	650	650	650	650	650	650	650		---835
650	650	650	650	650	650	650	650	650	650		---836
650	650	650	650	650	650	650	650	650	650		---837
650	650	650	650	650	650	650	650	650	650		---838
650	650	650	650	650	650	650	650	650	650		---839
650	650	650	650	650	650	650	650	650	650		---840
650	650	650	650	650	650	650	650	650	650		---841
650	650	650	650	650	650	650	650	650	650		---842
650	650	650	650	650	650	650	650	650	650		---843
650	650	650	650	650	650	650	650	650	650		---844
650	650	650	650	650	650	650	650	650	650		---845
650	650	650	650	650	650	650	650	650	650		---846
650	650	650	650	650	650	650	650	650	650		---847
650	650	650	650	650	650	650	650	650	650		---848
650	650	650	650	650	650	650	650	650	650		---849
650	650	650	650	650	650	650	650	650	650		---850
650	650	650	650	650	650	650	650	650	650		---851
650	650	650	650	650	650	650	650	650	650		---852
650	650	650	650	650	650	650	650	650	650		---853
650	650	650	650	650	650	650	650	650	650		---854
650	650	650	650	650	650	650	650	650	650		---855
650	650	650	650	650	650	650	650	650	650		---856
650	650	650	650	650	650	650	650	650	650		---857
650	650	650	650	650	650	650	650	650	650		---858
650	650	650	650	650	650	650	650	650	650		---859
650	650	650	650	650	650	650	650	650	650		---860
650	650	650	650	650	650	650	650	650	650		---861
650	650	650	650	650	650	650	650	650	650		---862
650	650	650	650	650	650	650	650	650	650		---863
650	650	650	650	650	650	650	650	650	650		---864
650	650	650	650	650	650	650	650	650	650		---865
650	650	650	650	650	650	650	650	650	650		---866
650	650	650	650	650	650	650	650	650	650		---867
650	650	650	650	650	650	650	650	650	650		---868
650	650	650	650	650	650	650	650	650	650		---869
650	650	650	650	650	650	650	650	650	650		---870
650	650	650	650	650	650	650	650	650	650		---871
650	650	650	650	650	650	650	650	650	650		---872
650	650	650	650	650	650	650	650	650	650		---873
650	650	650	650	650	650	650	650	650	650		---874
650	650	650	650	650	650	650	650	650	650		---875
650	650	650	650	650	650	650	650	650	650		---876
650	650	650	650	650	650	650	650	650	650		---877
650	650	650	650	650	650	650	650	650	650		---878
650	650	650	650	650	650	650	650	650	650		---879
650	650	650	650	650	650	650	650	650	650		---880
650	650	650	650	650	650	650	650	650	650		---881
650	650	650	650	650	650	650	650	650	650		---882
650	650	650	650	650	650	650	650	650	650		---883
650	650	650	650	650	650	650	650	650	650		---884
650	650	650	650	650	650	650	650	650	650		---885
650	650	650	650	650	650	650	650	650	650		---886
650	650	650	650	650	650	650	650	650	650		---887
650	650	650	650	650	650	650	650	650	650		---888
650	650	650	650	650	650	650	650	650	650		---889
650	650	650	650	650	650	650	650	650	650		---890
650	650	650	650	650	650	650	650	650	650		---891
650	650	650	650	650	650	650	650	650	650		---892
650	650	650	650	650	650	650	650	650	650		---893
650	650	650	650	650	650	650	650	650	650		---894
650	650	650	650	650	650	650	650	650	650		---895
650	650	650	650	650	650	650	650	650	650		---896
650	650	650	650	650	650	650	650	650	650		---897
650	650	650	650	650	650	650	650	650	650		---898
650	650	650	650	650	650	650	650	650	650		---899
650	650	650	650	650	650	650	650	650	650		---900
650	650	650	650	650	650	650	650	650	650		---901
650	650	650	650	650	650	650	650	650	650		---902
650	650	650	650	650	650	650	650	650	650		---903
650	650	650	650	650	650	650	650	650	650		---904
650	650	650	650	650	650	650	650	650	650		---905
650	650	650	650	650	650	650	650	650	650		---906
650	650	650	650	650	650	650	650	650	650		---907
650	650	650	650	650	650	650	650	650	650		---908
650	650	650	650	650	650	650	650	650	650		---909
650	650	650	650	650	650	650	650	650	650		---910
650	650	650	650	650	650	650	650	650	650		---911
650	650	650	650	650	650	650	650	650	650		---912
650	650	650	650	650	650	650	650	650	650		---913
650	650	650	650	650	650	650	650	650	650		---914
650	650	650	650	650	650	650	650	650	650		---915
650	650	650	650	650	650	650	650	650	650		---916
650	650	650	650	650	650	650	650	650	650		---917
650	650	650	650	650	650	650	650	650	650		---918
650	650	650	650	650	650	650	650	650	650		---919
650	650	650	650	650	650	650	650	650	650		---920
650	650	650	650	650	650	650	650	650	650		---921
650	650	650	650	650	650	650	650	650	650		---922
650	650	650	650	650	650	650	650	650	650		---923
650	650	650	650	650	650	650	650	650	650		---924
650	650	650	650	650	650	650	650	650	650		---925
650	650	650	650	650	650	650	650	650	650		---926
650	650	650	650	650	650	650	650	650	650		---927
650	650	650	650	650	650	650	650	650	650		---928
650	650	650	650	650	650	650	650	650	650		---929
650	650	650	650	650	650	650	650	650	650		---930
650	650	650	650	650	650	650	650	650	650		---931
650	650	650	650	650	650	650	650	650	650		---932
650	650	650	650	650	650	650	650	650	650		---933
650	650	650	650	650	650	650	650	650	650		---934
650	650	650	650	650	650	650	650	650	650		---935
650	650	650	650	650	650	650	650	650	650		---936
650	650	650	650	650	650	650	650	650	650		---937
650	650	650	650	650	650	650	650	650	650		---938
650	650	650	650	650	650	650	650	650	650		---939
650	650	650	650	650	650	650	650	650	650		---940
650	650	650	650	650	650	650	650	650	650		---941
650	650	650	650	650	650	650	650	650	650		---942
650	650	650	650	650	650	650	650	650	650		---943
650	650	650	650	650	650	650	650	650	650		---944
650	650	650	650	650	650	650	650	650	650		---945
650	650	650	650	650	650	650	650	650	650		---946
650	650	650	650	650	650	650	650	650	650		---947
650	650	650	650	650	650	650	650	650	650		---948
650	650	650	650	650	650	650	650	650	650		---949
650	650	650	650	650	650	650	650	650	650		---950
650	650	650	650	650	650	650	650	650	650		---951
650	650	650	650	650	650	650	650	650	650		---952
650	650	650	650	650	650	650	650	650	650		---953
650	650	650	650	650	650	650	650	650	650		---954
650	650	650	650	650	650	650	650	650	650		---955
650	650	650	650	650	650	650	650	650	650		---956
650	650	650	650	650	650	650	650	650	650		---957
650	650	650	650	650	650	650	650	650	650		---958
650	650	650	650	650	650	650	650	650	650		---959
650	650	650	650	650	650	650	650	650	650		---960
650	650	650	650	650	650	650	650	650	650		---961
650	650	650	650	650	650	650	650	650	650		---962
650	650	650	650	650	650	650	650	650	650		---963
650	650	650	650	650	650	650	650	650	650		---964
650	650	650	650	650	650	650	650	650	650		---965
650	650	650	650	650	650	650	650	650	650		---966
650	650	650	650	650	650	650	650	650	650		---967
650	650	650	650	650	650	650	650	650	650		---968
650	650	650	650	650	650	650	650	650	650		---969
650	650	650	650	650	650	650	650	650	650		---970
650	650	650	650	650	650	650	650	650	650		---971
650	650	650	650	650	650	650	650	650	650		---972
650	650	650	650	650	650	650	650	650	650		---973
650	650	650	650	650	650	650	650	650	650		---974
650	650	650	650	650	650	650	650	650	650		---975
650	650	650	650	650	650	650	650	650	650		---976
650	650	650	650	650	650	650	650	650	650		---977
650	650	650	650	650	650	650	650	650	650		---978
650	650	650	650	650	650	650	650	650	650		---979
650	650	650	650	650	650	650	650	650	650		---980
650	650	650	650	650	650	650	650	650	650		---981
650	650	650	650	650	650	650	650	650	650		---982
650	650	650	650	650	650	650	650	650	650		---983
650	650	650	650	650	650	650	650	650	650		---984
650	650	650	650	650	650	650	650	650	650		---985
650	650	650	650	650	650	650	650	650	650		---986
650	650	650	650	650	650	650	650	650	650		---987
650	650	650	650	650	650	650	650	650	650		---988
650	650	650	650	650	650	650	650	650	650		---989
650	650	650	650	650	650	650	650	650	650		---990
650	650	650	650	650	650	650	650	650	650		---991
650	650	650	650	650	650	650	650	650	650		---992
650	650	650	650	650	650	650	650	650	650		---993
650	650	650	650	650	650	650	650	650	650		---994
650	650	650	650	650	650	650	650	650	650		---995
650	650	650	650	650	650	650	650	650	650		---996
650	650	650	650	650	650	650	650	650	650		---997
650	650	650	650	650	650	650	650	650	650		---998
650	650	650	650	650	650	650	650	650	650		---999
650	650	650	650	650	650	650	650	650	650		---1000
650	650	650	650	650	650	650	650	650	650		---1001
650	650	650	650	650	650	650	650	650	650		---1002
650	650	650	650	650	650	650	650	650	650		---1003
650	650	650	650	653	653	657	660	665	667		---1004
668	669	671	678	681	681	685	688	693	695		---1005
696	697	699	706	709	709	713	716	721	723		---1006
724	725	727	734	737	737	741	744	749	751		---1007
752	753	755	762	765	765	769	772	777	779		---1008
780	781	783	790	793	793	797	800	805	807		---1009
808	809	811	818	821	821	825	828	833	835		---1010
836	837	839	846	849	849	853	856	861	863		---1011
864	865	867	874	877	877	881	884	889	891		---1012
892	893	895	902	905	905	909	912	917	919		---1013
920	921	923	930	933	933	937	940	945	947		---1014
948	949	951	958	961	961	965	968	973	975		---1015
976	977	979	986	989	989	993	994	995	996		---1016
996	997	998	999	1000	1001	1001	1002	1003	1003		---1017
1004	1004	1005	1005	1006	1007	1007	1008	1009	1010		---1018
1011	1012	1013	1014	1014	1015	1016	1017	1017	1017		---1019
1018	1019	1020	1021	1021	1022	1023	1024	1024	1025		---1020
1026	1027	1028	1029	1029	1030	1031	1031	1032	1032		---1021
1033	1033	1034	1035	1035	1036	1037	1038	1039	1040		---1022
1041	1042	1042	1043	1044	1045	1045	1045	1046	1047		---1023
1048	1049	1049	1050	1051	1052	1052	1053	1054	1055		---1024
1056	1057	1057	1058	1059	1059	1060	1060	1061	1061		---1025
1062	1063	1063	1064	1065	1066	1067	1068	1069	1070		---1026
1070	1071	1072	1073	1073	1073	1074	1075	1076	1077		---1027
1077	1078	1079	1080	1080	1081	1082	1083	1084	1085		---1028
1085	1086	1087	1087	1088	1088	1089	1089	1090	1091		---1029
1091	1092	1093	1094	1095	1096	1097	1098	1098	1099		---1030
1100	1101	1101	1101	1102	1103	1104	1105	1105	1106		---1031
1107	1108	1108	1109	1110	1111	1112	1113	1113	1114		---1032
1115	1115	1116	1116	1117	1117	1118	1119	1119	1120		---1033
1121	1122	1123	1124	1125	1126	1126	1127	1128	1129		---1034
1129	1129	1130	1131	1132	1133	1133	1134	1135	1136		---1035
1136	1137	1138	1139	1140	1141	1141	1142	1143	1143		---1036
1144	1144	1145	1145	1146	1147	1147	1148	1149	1150		---1037
1151	1152	1153	1154	1154	1155	1156	1157	1157	1157		---1038
1158	1159	1160	1161	1161	1162	1163	1164	1164	1165		---1039
1166	1167	1168	1169	1169	1170	1171	1171	1172	1172		---1040
1173	1173	1174	1175	1175	1176	1177	1178	1179	1180		---1041
1181	1182	1182	1183	1184	1185	1185	1185	1186	1187		---1042
1188	1189	1189	1190	1191	1192	1192	1193	1194	1195		---1043
1196	1197	1197	1198	1199	1199	1200	1200	1201	1201		---1044
1202	1203	1203	1204	1205	1206	1207	1208	1209	1210		---1045
1210	1211	1212	1213	1213	1213	1214	1215	1216	1217		---1046
1217	1218	1219	1220	1220	1221	1222	1223	1224	1225		---1047
1225	1226	1227	1227	1228	1228	1229	1229	1230	1231		---1048
1231	1232	1233	1234	1235	1236	1237	1238	1238	1239		---1049
1240	1241	1241	1241	1242	1243	1244	1245	1245	1246		---1050
1247	1248	1248	1249	1250	1251	1252	1253	1253	1254		---1051
1255	1255	1256	1256	1257	1257	1258	1259	1259	1260		---1052
1261	1262	1263	1264	1265	1266	1266	1267	1268	1269		---1053
1269	1269	1270	1271	1272	1273	1273	1274	1275	1276		---1054
1276	1277	1278	1279	1280	1281	1281	1282	1283	1283		---1055
1284	1284	1285	1285	1286	1287	1287	1288	1289	1290		---1056
1291	1292	1293	1294	1294	1295	1296	1297	1297	1297		---1057
1298	1299	1300	1301	1301	1302	1303	1304	1304	1305		---1058
1306	1307	1308	1309	1309	1310	1311	1311	1312	1312		---1059
1313	1313	1314	1315	1315	1316	1317	1318	1319	1320		---1060
1321	1322	1322	1323	1324	1325	1325	1329	1332	1337		---1061
1339	1340	1341	1343	1350	1353	1353	1357	1360	1365		---1062
1367	1368	1369	1371	1378	1381	1381	1385	1388	1393		---1063
1395	1396	1397	1399	1406	1409	1409	1413	1416	1421		---1064
1423	1424	1425	1427	1434	1437	1437	1441	1444	1449		---1065
1451	1452	1453	1455	1462	1465	1465	1469	1472	1477		---1066
1479	1480	1481	1483	1490	1493	1493	1497	1500	1505		---1067
1507	1508	1509	1511	1518	1521	1521	1525	1528	1533		---1068
1535	1536	1537	1539	1546	1549	1549	1553	1556	1561		---1069
1563	1564	1565	1567	1574	1577	1577	1581	1584	1589		---1070
1591	1592	1593	1595	1602	1605	1605	1609	1612	1617		---1071
1619	1620	1621	1623	1630	1633	1633	1637	1640	1645		---1072
1647	1648	1649	1651	1658	1661	1661	1665	1668	1673		---1073
1675	1676	1677	1679	1686	1689	1689	1693	1696	1701		---1074
1703	1704	1705	1707	1714	1717	1717	1721	1724	1729		---1075
1731	1732	1733	1735	1742	1745	1745	1749	1752	1757		---1076
1759	1760	1761	1763	1770	1773	1773	1777	1780	1785		---1077
1787	1788	1789	1791	1798	1801	1801	1805	1808	1813		---1078
1815	1816	1817	1819	1826	1829	1829	1833	1836	1841		---1079
1843	1844	1845	1847	1854	1857	1857	1861	1864	1869		---1080
1871	1872	1873	1875	1882	1885	1885	1889	1892	1897		---1081
1899	1900	1901	1903	1910	1913	1913	1917	1920	1925		---1082
1927	1928	1929	1931	1938	1941	1941	1945	1948	1953		---1083
1955	1956	1957	1959	1966	1969	1969	1973	1976	1981		---1084
1983	1984	1985	1987	1994	1997	1997	2001	2004	2009		---1085
2011	2012	2013	2015	2022	2025	2025	2029	2032	2037		---1086
2039	2040	2041	2043	2050	2053	2053	2057	2060	2065		---1087
2067	2068	2069	2071	2078	2081	2081	2085	2088	2093		---1088
2095	2096	2097	2099	2106	2109	2109	2113	2116	2121		---1089
2123	2124	2125	2127	2134	2137	2137	2141	2144	2149		---1090
2151	2152	2153	2155	2162	2165	2165	2169	2172	2177		---1091
2179	2180	2181	2183	2190	2193	2193	2197	2200	2205		---1092
2207	2208	2209	2211	2218	2221	2221	2225	2228	2233		---1093
2235	2236	2237	2239	2246	2249	2249	2253	2256	2261		---1094
2263	2264	2265	2267	2274	2277	2277	2281	2284	2289		---1095
2291	2292	2293	2295	2302	2305	2305	2309	2312	2317		---1096
2319	2320	2321	2323	2330	2333	2333	2337	2340	2345		---1097
2347	2348	2349	2351	2358	2361	2361	2365	2368	2373		---1098
2375	2376	2377	2379	2386	2389	2389	2393	2396	2401		---1099
2403	2404	2405	2407	2414	2417	2417	2421	2424	2429		---1100
2431	2432	2433	2435	2442	2445	2445	2449	2452	2457		---1101
2459	2460	2461	2463	2470	2473	2473	2477	2480	2485		---1102
2487	2488	2489	2491	2498	2501	2501	2505	2508	2513		---1103
2515	2516	2517	2519	2526	2529	2529	2533	2536	2541		---1104
2543	2544	2545	2547	2554	2557	2557	2561	2564	2569		---1105
2571	2572	2573	2575	2582	2585	2585	2589	2592	2597		---1106
2599	2600	2601	2603	2610	2613	2613	2617	2620	2625		---1107
2627	2628	2629	2631	2638	2641	2641	2645	2648	2653		---1108
2655	2656	2657	2659	2666	2669	2669	2673	2676	2681		---1109
2683	2684	2685	2687	2694	2697	2697	2701	2704	2709		---1110
2711	2712	2713	2715	2722	2725	2725	2729	2732	2737		---1111
2739	2740	2741	2743	2750	2753	2753	2757	2760	2765		---1112
2767	2768	2769	2771	2778	2781	2781	2785	2788	2793		---1113
2795	2796	2797	2799	2806	2809	2809	2813	2816	2821		---1114
2823	2824	2825	2827	2834	2837	2837	2841	2844	2849		---1115
2851	2852	2853	2855	2862	2865	2865	2869	2872	2877		---1116
2879	2880	2881	2883	2890	2893	2893	2897	2900	2905		---1117
2907	2908	2909	2911	2918	2921	2921	2925	2928	2933		---1118
2935	2936	2937	2939	2946	2949	2949	2953	2956	2961		---1119
2963	2964	2965	2967	2974	2977	2977	2981	2984	2989		---1120
2991	2992	2993	2995	3002	3005	3005	3009	3012	3017		---1121
3019	3020	3021	3023	3030	3033	3033	3037	3040	3045		---1122
3047	3048	3049	3051	3058	3061	3061	3065	3068	3073		---1123
3075	3076	3077	3079	3086	3089	3089	3093	3096	3101		---1124
3103	3104	3105	3107	3114	3117	3117	3121	3124	3129		---1125
3131	3132	3133	3135	3142	3145	3145	3149	3152	3157		---1126
3159	3160	3161	3163	3170	3173	3173	3177	3180	3185		---1127
3187	3188	3189	3191	3198	3201	3201	3205	3208	3213		---1128
3215	3216	3217	3219	3226	3229	3229	3233	3236	3241		---1129
3243	3244	3245	3247	3254	3257	3257	3261	3264	3269		---1130
3271	3272	3273	3275	3282	3285	3285	3289	3292	3297		---1131
3299	3300	3301	3303	3310	3313	3313	3317	3320	3325		---1132
3327	3328	3329	3331	3338	3341	3341	3345	3348	3353		---1133
3355	3356	3357	3359	3366	3369	3369	3373	3376	3381		---1134
3383	3384	3385	3387	3394	3397	3397	3401	3404	3409		---1135
3411	3412	3413	3415	3422	3425	3425	3429	3432	3437		---1136
3439	3440	3441	3443	3450	3453	3453	3457	3460	3465		---1137
3467	3468	3469	3471	3478	3481	3481	3485	3488	3493		---1138
3495	3496	3497	3499	3506	3509	3509	3513	3516	3521		---1139
3523	3524	3525	3527	3534	3537	3537	3541	3544	3549		---1140
3551	3552	3553	3555	3562	3565	3565	3569	3572	3577		---1141
3579	3580	3581	3583	3590	3593	3593	3597	3600	3605		---1142
3607	3608	3609	3611	3618	3621	3621	3625	3628	3633		---1143
3635	3636	3637	3639	3646	3649	3649	3653	3656	3661		---1144
3663	3664	3665	3667	3674	3677	3677	3681	3684	3689		---1145
3691	3692	3693	3695	3702	3705	3705	3709	3712	3717		---1146
3719	3720	3721	3723	3730	3733	3733	3737	3740	3745		---1147
3747	3748	3749	3751	3758	3761	3761	3765	3768	3773		---1148
3775	3776	3777	3779	3786	3789	3789	3793	3796	3801		---1149
3803	3804	3805	3807	3814	3817	3817	3821	3824	3829		---1150
3831	3832	3833	3835	3842	3845	3845	3849	3852	3857		---1151
3859	3860	3861	3863	3870	3873	3873	3877	3880	3885		---1152
3887	3888	3889	3891	3898	3901	3901	3905	3908	3913		---1153
3915	3916	3917	3919	3926	3929	3929	3933	3936	3941		---1154
3943	3944	3945	3947	3954	3957	3957	3961	3964	3969		---1155
3971	3972	3973	3975	3982	3985	3985	3989	3992	3997		---1156
3999	4000	4001	4003	4010	4013	4013	4017	4020	4025		---1157
4027	4028	4029	4031	4038	4041	4041	4045	4048	4053		---1158
4055	4056	4057	4059	4066	4069	4069	4073	4076	4081		---1159
4083	4084	4085	4087	4094	4097	4097	4101	4104	4109		---1160
4111	4112	4113	4115	4122	4125	4125	4129	4132	4137		---1161
4139	4140	4141	4143	4150	4153	4153	4157	4160	4165		---1162
4167	4168	4169	4171	4178	4181	4181	4185	4188	4193		---1163
4195	4196	4197	4199	4206	4209	4209	4213	4216	4221		---1164
4223	4224	4225	4227	4234	4237	4237	4241	4244	4249		---1165
4251	4252	4253	4255	4262	4265	4265	4269	4272	4277		---1166
4279	4280	4281	4283	4290	4293	4293	4297	4300	4305		---1167
4307	4308	4309	4311	4318	4321	4321	4325	4328	4333		---1168
4335	4336	4337	4339	4346	4349	4349	4353	4356	4361		---1169
4363	4364	4365	4367	4374	4377	4377	4381	4384	4389		---1170
4391	4392	4393	4395	4402	4405	4405	4409	4412	4417		---1171
4419	4420	4421	4423	4430	4433	4433	4437	4440	4445		---1172
4447	4448	4449	4451	4458	4461	4461	4465	4468	4473		---1173
4475	4476	4477	4479	4486	4489	4489	4493	4496	4501		---1174
4503	4504	4505	4507	4514	4517	4517	4521	4524	4529		---1175
4531	4532	4533	4535	4542	4545	4545	4549	4552	4557		---1176
4559	4560	4561	4563	4570	4573	4573	4577	4580	4585		---1177
4587	4588	4589	4591	4598	4601	4601	4605	4608	4613		---1178
4615	4616	4617	4619	4626	4629	4629	4633	4636	4641		---1179
4643	4644	4645	4647	4654	4657	4657	4661	4664	4669		---1180
4671	4672	4673	4675	4682	4685	4685	4689	4692	4697		---1181
4699	4700	4701	4703	4710	4713	4713	4717	4720	4725		---1182
4727	4728	4729	4731	4738	4741	4741	4745	4748	4753		---1183
4755	4756	4757	4759	4766	4769	4769	4773	4776	4781		---1184
4783	4784	4785	4787	4794	4797	4797	4801	4804	4809		---1185
4811	4812	4813	4815	4822	4825	4825	4829	4832	4837		---1186
4839	4840	4841	4843	4850	4853	4853	4857	4860	4865		---1187
4867	4868	4869	4871	4878	4881	4881	4885	4888	4893		---1188
4895	4896	4897	4899	4906	4909	4909	4913	4916	4921		---1189
4923	4924	4925	4927	4934	4937	4937	4941	4944	4949		---1190
4951	4952	4953	4955	4962	4965	4965	4969	4972	4977		---1191
4979	4980	4981	4983	4990	4993	4993	4997	5000	5005		---1192
5007	5008	5009	5011	5018	5021	5021	5025	5028	5033		---1193
5035	5036	5037	5039	5046	5049	5049	5053	5061	5063		---1194
5067	5077	5077	5081	5089	5091	5105	5109	27816	27824		---1195
27825	27834	27837	27844	27852	27853	27855	27862	27865	27872		---1196
27877	27879	27880	27881	27883	27890	27893	27893	27897	27900		---1197
27905	27907	27908	27909	27911	27918	27921	27921	27925	27928		---1198
27933	27935	27936	27937	27939	27946	27949	27949	27953	27956		---1199
27961	27963	27964	27965	27967	27974	27977	27977	27981	27984		---1200
27989	27991	27992	27993	27995	28002	28005	28005	28009	28012		---1201
28017	28019	28020	28021	28023	28030	28033	28033	28037	28040		---1202
28045	28047	28048	28049	28051	28058	28061	28061	28065	28068		---1203
28073	28075	28076	28077	28079	28086	28089	28089	28093	28096		---1204
28101	28103	28104	28105	28107	28114	28117	28117	28121	28124		---1205
28129	28131	28132	28133	28135	28142	28145	28145	28149	28152		---1206
28157	28159	28160	28161	28163	28170	28173	28173	28177	28180		---1207
28185	28187	28188	28189	28191	28198	28201	28201	28205	28208		---1208
28213	28215	28216	28217	28219	28226	28229	28229	28233	28236		---1209
28241	28243	28244	28245	28247	28254	28257	28257	28261	28264		---1210
28269	28271	28272	28273	28275	28282	28285	28285	28289	28292		---1211
28297	28299	28300	28301	28303	28310	28313	28313	28317	28320		---1212
28325	28327	28328	28329	28331	28338	28341	28341	28345	28348		---1213
28353	28355	28356	28357	28359	28366	28369	28369	28373	28376		---1214
28381	28383	28384	28385	28387	28394	28397	28397	28401	28404		---1215
28409	28411	28412	28413	28415	28422	28425	28425	28429	28432		---1216
28437	28439	28440	28441	28443	28450	28453	28453	28457	28460		---1217
28465	28467	28468	28469	28471	28478	28481	28481	28485	28488		---1218
28493	28495	28496	28497	28499	28506	28509	28509	28513	28516		---1219
28521	28523	28524	28525	28527	28534	28537	28537	28541	28544		---1220
28549	28551	28552	28553	28555	28562	28565	28565	28569	28572		---1221
28577	28579	28580	28581	28583	28590	28593	28593	28597	28600		---1222
28605	28607	28608	28609	28611	28618	28621	28621	28625	28628		---1223
28633	28635	28636	28637	28639	28646	28649	28649	28653	28656		---1224
28661	28663	28664	28665	28667	28674	28677	28677	28681	28684		---1225
28689	28691	28692	28693	28695	28702	28705	28705	28709	28712		---1226
28717	28719	28720	28721	28723	28730	28733	28733	28737	28740		---1227
28745	28747	28748	28749	28751	28758	28761	28761	28765	28768		---1228
28773	28775	28776	28777	28779	28786	28789	28789	28793	28796		---1229
28801	28803	28804	28805	28807	28814	28817	28817	28821	28824		---1230
28829	28831	28832	28833	28835	28842	28845	28845	28849	28852		---1231
28857	28859	28860	28861	28863	28870	28873	28873	28877	28880		---1232
28885	28887	28888	28889	28891	28898	28901	28901	28905	28908		---1233
28913	28915	28916	28917	28919	28926	28929	28929	28933	28936		---1234
28941	28943	28944	28945	28947	28954	28957	28957	28961	28964		---1235
28969	28971	28972	28973	28975	28982	28985	28985	28989	28992		---1236
28997	28999	29000	29001	29003	29010	29013	29013	29017	29020		---1237
29025	29027	29028	29029	29031	29038	29041	29041	29045	29048		---1238
29053	29055	29056	29057	29059	29066	29069	29069	29073	29076		---1239
29081	29083	29084	29085	29087	29094	29097	29097	29101	29104		---1240
29109	29111	29112	29113	29115	29122	29125	29125	29129	29132		---1241
29137	29139	29140	29141	29143	29150	29153	29153	29157	29160		---1242
29165	29167	29168	29169	29171	29178	29181	29181	29185	29188		---1243
29193	29195	29196	29197	29199	29206	29209	29209	29213	29216		---1244
29221	29223	29224	29225	29227	29234	29237	29237	29241	29244		---1245
29249	29251	29252	29253	29255	29262	29265	29265	29269	29272		---1246
29277	29279	29280	29281	29283	29290	29293	29293	29297	29300		---1247
29305	29307	29308	29309	29311	29318	29321	29321	29325	29328		---1248
29333	29335	29336	29337	29339	29346	29349	29349	29353	29356		---1249
29361	29363	29364	29365	29367	29374	29377	29377	29381	29384		---1250
29389	29391	29392	29393	29395	29402	29405	29405	29409	29412		---1251
29417	29419	29420	29421	29423	29430	29433	29433	29437	29440		---1252
29445	29447	29448	29449	29451	29458	29461	29461	29465	29468		---1253
29473	29475	29476	29477	29479	29486	29489	29489	29493	29496		---1254
29501	29503	29504	29505	29507	29514	29517	29517	29521	29524		---1255
29529	29531	29532	29533	29535	29542	29545	29545	29549	29552		---1256
29557	29559	29560	29561	29563	29570	29573	29573	29577	29580		---1257
29585	29587	29588	29589	29591	29598	29601	29601	29605	29608		---1258
29613	29615	29616	29617	29619	29626	29629	29629	29633	29636		---1259
29641	29643	29644	29645	29647	29654	29657	29657	29661	29664		---1260
29669	29671	29672	29673	29675	29682	29685	29685	29689	29692		---1261
29697	29699	29700	29701	29703	29710	29713	29713	29717	29720		---1262
29725	29727	29728	29729	29731	29738	29741	29741	29745	29748		---1263
29753	29755	29756	29757	29759	29766	29769	29769	29773	29776		---1264
29781	29783	29784	29785	29787	29794	29797	29797	29801	29804		---1265
29809	29811	29812	29813	29815	29822	29825	29825	29829	29832		---1266
29837	29839	29840	29841	29843	29850	29853	29853	29857	29860		---1267
29865	29867	29868	29869	29871	29878	29881	29881	29885	29888		---1268
29893	29895	29896	29897	29899	29906	29909	29909	29913	29916		---1269
29921	29923	29924	29925	29927	29934	29937	29937	29941	29944		---1270
29949	29951	29952	29953	29955	29962	29965	29965	29969	29972		---1271
29977	29979	29980	29981	29983	29990	29993	29993	29997	30000		---1272
30005	30007	30008	30009	30011	30018	30021	30021	30025	30028		---1273
30033	30035	30036	30037	30039	30046	30049	30049	30053	30056		---1274
30061	30063	30064	30065	30067	30074	30077	30077	30081	30084		---1275
30089	30091	30092	30093	30095	30102	30105	30105	30109	30112		---1276
30117	30119	30120	30121	30123	30130	30133	30133	30137	30140		---1277
30145	30147	30148	30149	30151	30158	30161	30161	30165	30168		---1278
30173	30175	30176	30177	30179	30186	30189	30189	30193	30196		---1279
30201	30203	30204	30205	30207	30214	30217	30217	30221	30224		---1280
30229	30231	30232	30233	30235	30242	30245	30245	30249	30252		---1281
30257	30259	30260	30261	30263	30270	30273	30273	30277	30280		---1282
30285	30287	30288	30289	30291	30298	30301	30301	30305	30308		---1283
30313	30315	30316	30317	30319	30326	30329	30329	30333	30336		---1284
30341	30343	30344	30345	30347	30354	30357	30357	30361	30364		---1285
30369	30371	30372	30373	30375	30382	30385	30385	30389	30392		---1286
30397	30399	30400	30401	30403	30410	30413	30413	30417	30420		---1287
30425	30427	30428	30429	30431	30438	30441	30441	30445	30448		---1288
30453	30455	30456	30457	30459	30466	30469	30469	30473	30476		---1289
30481	30483	30484	30485	30487	30494	30497	30497	30501	30504		---1290
30509	30511	30512	30513	30515	30522	30525	30525	30529	30532		---1291
30537	30539	30540	30541	30543	30550	30553	30553	30557	30560		---1292
30565	30567	30568	30569	30571	30578	30581	30581	30585	30588		---1293
30593	30595	30596	30597	30599	30606	30609	30609	30613	30616		---1294
30621	30623	30624	30625	30627	30634	30637	30637	30641	30644		---1295
30649	30651	30652	30653	30655	30662	30665	30665	30669	30672		---1296
30677	30679	30680	30681	30683	30690	30693	30693	30697	30700		---1297
30705	30707	30708	30709	30711	30718	30721	30721	30725	30728		---1298
30733	30735	30736	30737	30739	30746	30749	30749	30753	30756		---1299
30761	30763	30764	30765	30767	30774	30777	30777	30781	30784		---1300
30789	30791	30792	30793	30795	30802	30805	30805	30809	30812		---1301
30817	30819	30820	30821	30823	30830	30833	30833	30837	30840		---1302
30845	30847	30848	30849	30851	30858	30861	30861	30865	30868		---1303
30873	30875	30876	30877	30879	30886	30889	30889	30893	30896		---1304
30901	30903	30904	30905	30907	30914	30917	30917	30921	30924		---1305
30929	30931	30932	30933	30935	30942	30945	30945	30949	30952		---1306
30957	30959	30960	30961	30963	30970	30973	30973	30977	30980		---1307
30985	30987	30988	30989	30991	30998	31001	31001	31005	31008		---1308
31013	31015	31016	31017	31019	31026	31029	31029	31033	31036		---1309
31041	31043	31044	31045	31047	31054	31057	31057	31061	31064		---1310
31069	31071	31072	31073	31075	31082	31085	31085	31089	31092		---1311
31097	31099	31100	31101	31103	31110	31113	31113	31117	31120		---1312
31125	31127	31128	31129	31131	31138	31141	31141	31145	31148		---1313
31153	31155	31156	31157	31159	31166	31169	31169	31173	31176		---1314
31181	31183	31184	31185	31187	31194	31197	31197	31201	31204		---1315
31209	31211	31212	31213	31215	31222	31225	31225	31229	31232		---1316
31237	31239	31240	31241	31243	31250	31253	31253	31257	31260		---1317
31265	31267	31268	31269	31271	31278	31281	31281	31285	31288		---1318
31293	31295	31296	31297	31299	31306	31309	31309	31313	31316		---1319
31321	31323	31324	31325	31327	31334	31337	31337	31341	31344		---1320
31349	31351	31352	31353	31355	31362	31365	31365	31369	31372		---1321
31377	31379	31380	31381	31383	31390	31393	31393	31397	31400		---1322
31405	31407	31408	31409	31411	31418	31421	31421	31425	31428		---1323
31433	31435	31436	31437	31439	31446	31449	31449	31453	31456		---1324
31461	31463	31464	31465	31467	31474	31477	31477	31481	31484		---1325
31489	31491	31492	31493	31495	31502	31505	31505	31509	31512		---1326
31517	31519	31520	31521	31523	31530	31533	31533	31537	31540		---1327
31545	31547	31548	31549	31551	31558	31561	31561	31565	31568		---1328
31573	31575	31576	31577	31579	31586	31589	31589	31593	31596		---1329
31601	31603	31604	31605	31607	31614	31617	31617	31621	31624		---1330
31629	31631	31632	31633	31635	31642	31645	31645	31649	31652		---1331
31657	31659	31660	31661	31663	31670	31673	31673	31677	31680		---1332
31685	31687	31688	31689	31691	31698	31701	31701	31705	31708		---1333
31713	31715	31716	31717	31719	31726	31729	31729	31733	31736		---1334
31741	31743	31744	31745	31747	31754	31757	31757	31761	31764		---1335
31769	31771	31772	31773	31775	31782	31785	31785	31789	31792		---1336
31797	31799	31800	31801	31803	31810	31813	31813	31817	31820		---1337
31825	31827	31828	31829	31831	31838	31841	31841	31845	31848		---1338
31853	31855	31856	31857	31859	31866	31869	31869	31873	31876		---1339
31881	31883	31884	31885	31887	31894	31897	31897	31901	31904		---1340
31909	31911	31912	31913	31915	31922	31925	31925	31929	31932		---1341
31937	31939	31940	31941	31943	31950	31953	31953	31957	31960		---1342
31965	31967	31968	31969	31971	31978	31981	31981	31985	31988		---1343
31993	31995	31996	31997	31999	32006	32009	32009	32013	32016		---1344
32021	32023	32024	32025	32027	32034	32037	32037	32041	32044		---1345
32049	32051	32052	32053	32055	32062	32065	32065	32069	32072		---1346
32077	32079	32080	32081	32083	32090	32093	32093	32097	32100		---1347
32105	32107	32108	32109	32111	32118	32121	32121	32125	32128		---1348
32133	32135	32136	32137	32139	32146	32149	32149	32153	32156		---1349
32161	32163	32164	32165	32167	32174	32177	32177	32181	32184		---1350
32189	32191	32192	32193	32195	32202	32205	32205	32209	32212		---1351
32217	32219	32220	32221	32223	32230	32233	32233	32237	32240		---1352
32245	32247	32248	32249	32251	32258	32261	32261	32265	32268		---1353
32273	32275	32276	32277	32279	32286	32289	32289	32293	32296		---1354
32301	32303	32304	32305	32307	32314	32317	32317	32321	32324		---1355
32329	32331	32332	32333	32335	32342	32345	32345	32349	32352		---1356
32357	32359	32360	32361	32363	32370	32373	32373	32377	32380		---1357
32385	32387	32388	32389	32391	32398	32401	32401	32405	32408		---1358
32413	32415	32416	32417	32419	32426	32429	32429	32433	32436		---1359
32441	32443	32444	32445	32447	32454	32457	32457	32461	32464		---1360
32469	32471	32472	32473	32475	32482	32485	32485	32489	32492		---1361
32497	32499	32500	32501	32503	32510	32513	32513	32517	32520		---1362
32525	32527	32528	32529	32531	32538	32541	32541	32545	32548		---1363
32553	32555	32556	32557	32559	32566	32569	32569	32573	32576		---1364
32581	32583	32584	32585	32587	32594	32597	32597	32601	32604		---1365
32609	32611	32612	32613	32615	32622	32625	32625	32629	32632		---1366
32637	32639	32640	32641	32643	32650	506	507	508	509		---1367
510	511	512	513	514	515	516	517	518	519		---1368
520	521	522	523	524	525	526	527	528	529		---1369
530	531	532	533	534	535	536	537	538	539		---1370
540	541	542	543	544	545	546	547	548	549		---1371
550	551	552	553	554	555	556	557	558	559		---1372
560	561	562	563	564	565	566	567	568	569		---1373
570	571	572	573	574	575	576	577	578	579		---1374
580	581	582	583	584	585	586	587	588	589		---1375
590	591	592	593	594	595	596	597	598	599		---1376
600	601	602	603	604	605	606	607	608	609		---1377
610	611	612	613	614	615	616	617	618	619		---1378
620	621	622	623	624	625	626	627	628	629		---1379
630	631	632	633	634	635	636	637	638	639		---1380
640	641	642	643	644	645	646	647	648	649		---1381
650	651	652	653	654	655	656	657	658	659		---1382
660	661	662	13908	13909	13928	13936	13937	13939	13946		---1383
13949	13956	13961	13963	13964	13965	13967	13974	13977	13981		---1384
13984	13989	13991	13992	13993	13995	14002	14005	14005	14009		---1385
14012	14017	14019	14020	14021	14023	14030	14033	14033	14037		---1386
14040	14045	14047	14048	14049	14051	14058	14061	14061	14065		---1387
14068	14073	14075	14076	14077	14079	14086	14089	14089	14093		---1388
14096	14101	14103	14104	14105	14107	14114	14117	14117	14121		---1389
14124	14129	14131	14132	14133	14135	14142	14145	14145	14149		---1390
14152	14157	14159	14160	14161	14163	14170	14173	14173	14177		---1391
14180	14185	14187	14188	14189	14191	14198	14201	14201	14205		---1392
14208	14213	14215	14216	14217	14219	14226	14229	14229	14233		---1393
14236	14241	14243	14244	14245	14247	14254	14257	14257	14261		---1394
14264	14269	14271	14272	14273	14275	14282	14285	14285	14289		---1395
14292	14297	14299	14300	14301	14303	14310	14313	14313	14317		---1396
14320	14325	14327	14328	14329	14331	14338	14341	14341	14345		---1397
14348	14353	14355	14356	14357	14359	14366	14369	14369	14373		---1398
14376	14381	14383	14384	14385	14387	14394	14397	14397	14401		---1399
14404	14409	14411	14412	14413	14415	14422	14425	14425	14429		---1400
14432	14437	14439	14440	14441	14443	14450	14453	14453	14457		---1401
14460	14465	14467	14468	14469	14471	14478	14481	14481	14485		---1402
14488	14493	14495	14496	14497	14499	14506	14509	14509	14513		---1403
14516	14521	14523	14524	14525	14527	14534	14537	14537	14541		---1404
14544	14549	14551	14552	14553	14555	14562	14565	14565	14569		---1405
14572	14577	14579	14580	14581	14583	14590	14593	14593	14597		---1406
14600	14605	14607	14608	14609	14611	14618	14621	14621	14625		---1407
14628	14633	14635	14636	14637	14639	14646	14649	14649	14653		---1408
14656	14661	14663	14664	14665	14667	14674	14677	14677	14681		---1409
14684	14689	14691	14692	14693	14695	14702	14705	14705	14709		---1410
14712	14717	14719	14720	14721	14723	14730	14733	14733	14737		---1411
14740	14745	14747	14748	14749	14751	14758	14761	14761	14765		---1412
14768	14773	14775	14776	14777	14779	14786	14789	14789	14793		---1413
14796	14801	14803	14804	14805	14807	14814	14817	14817	14821		---1414
14824	14829	14831	14832	14833	14835	14842	14845	14845	14849		---1415
14852	14857	14859	14860	14861	14863	14870	14873	14873	14877		---1416
14880	14885	14887	14888	14889	14891	14898	14901	14901	14905		---1417
14908	14913	14915	14916	14917	14919	14926	14929	14929	14933		---1418
14936	14941	14943	14944	14945	14947	14954	14957	14957	14961		---1419
14964	14969	14971	14972	14973	14975	14982	14985	14985	14989		---1420
14992	14997	14999	15000	15001	15003	15010	15013	15013	15017		---1421
15020	15025	15027	15028	15029	15031	15038	15041	15041	15045		---1422
15048	15053	15055	15056	15057	15059	15066	15069	15069	15073		---1423
15076	15081	15083	15084	15085	15087	15094	15097	15097	15101		---1424
15104	15109	15111	15112	15113	15115	15122	15125	15125	15129		---1425
15132	15137	15139	15140	15141	15143	15150	15153	15153	15157		---1426
15160	15165	15167	15168	15169	15171	15178	15181	15181	15185		---1427
15188	15193	15195	15196	15197	15199	15206	15209	15209	15213		---1428
15216	15221	15223	15224	15225	15227	15234	15237	15237	15241		---1429
15244	15249	15251	15252	15253	15255	15262	15265	15265	15269		---1430
15272	15277	15279	15280	15281	15283	15290	15293	15293	15297		---1431
15300	15305	15307	15308	15309	15311	15318	15321	15321	15325		---1432
15328	15333	15335	15336	15337	15339	15346	15349	15349	15353		---1433
15356	15361	15363	15364	15365	15367	15374	15377	15377	15381		---1434
15384	15389	15391	15392	15393	15395	15402	15405	15405	15409		---1435
15412	15417	15419	15420	15421	15423	15430	15433	15433	15437		---1436
15440	15445	15447	15448	15449	15451	15458	15461	15461	15465		---1437
15468	15473	15475	15476	15477	15479	15486	15489	15489	15493		---1438
15496	15501	15503	15504	15505	15507	15514	15517	15517	15521		---1439
15524	15529	15531	15532	15533	15535	15542	15545	15545	15549		---1440
15552	15557	15559	15560	15561	15563	15570	15573	15573	15577		---1441
15580	15585	15587	15588	15589	15591	15598	15601	15601	15605		---1442
15608	15613	15615	15616	15617	15619	15626	15629	15629	15633		---1443
15636	15641	15643	15644	15645	15647	15654	15657	15657	15661		---1444
15664	15669	15671	15672	15673	15675	15682	15685	15685	15689		---1445
15692	15697	15699	15700	15701	15703	15710	15713	15713	15717		---1446
15720	15725	15727	15728	15729	15731	15738	15741	15741	15745		---1447
15748	15753	15755	15756	15757	15759	15766	15769	15769	15773		---1448
15776	15781	15783	15784	15785	15787	15794	15797	15797	15801		---1449
15804	15809	15811	15812	15813	15815	15822	15825	15825	15829		---1450
15832	15837	15839	15840	15841	15843	15850	15853	15853	15857		---1451
15860	15865	15867	15868	15869	15871	15878	15881	15881	15885		---1452
15888	15893	15895	15896	15897	15899	15906	15909	15909	15913		---1453
15916	15921	15923	15924	15925	15927	15934	15937	15937	15941		---1454
15944	15949	15951	15952	15953	15955	15962	15965	15965	15969		---1455
15972	15977	15979	15980	15981	15983	15990	15993	15993	15997		---1456
16000	16005	16007	16008	16009	16011	16018	