1	2	3	4	5	6	7	8	9	10		---1
11	12	12	13	14	15	16	17	18	19		---2
20	20	21	21	22	23	23	24	25	26		---3
27	28	29	30	30	31	32	33	33	34		---4
35	36	37	38	39	40	40	41	42	43		---5
44	45	45	46	47	48	48	49	49	50		---6
51	51	52	53	54	55	56	57	58	58		---7
59	60	61	61	62	63	64	65	66	67		---8
68	68	69	70	71	72	73	73	74	75		---9
75	76	76	77	77	78	79	79	80	81		---10
82	83	84	85	86	86	87	88	89	89		---11
89	90	91	92	93	93	94	95	96	96		---12
97	98	99	100	101	101	102	103	103	104		---13
104	105	105	106	107	107	108	109	110	111		---14
112	113	114	114	115	116	117	117	117	118		---15
119	120	121	121	122	123	124	124	125	126		---16
127	128	129	129	130	131	131	132	132	133		---17
133	134	135	135	136	137	138	139	140	141		---18
142	142	143	144	145	145	145	146	147	148		---19
149	149	150	151	152	152	153	154	155	156		---20
157	157	158	159	159	160	160	161	161	162		---21
163	163	164	165	166	167	168	169	170	170		---22
171	172	173	173	173	174	175	176	177	177		---23
178	179	180	180	181	182	183	184	185	185		---24
186	187	187	188	188	189	189	190	191	191		---25
192	193	194	195	196	197	198	198	199	200		---26
201	201	201	202	203	204	205	205	206	207		---27
208	208	209	210	211	212	213	213	214	215		---28
215	216	216	217	217	218	219	219	220	221		---29
222	223	224	225	226	226	227	228	229	229		---30
229	230	231	232	233	233	234	235	236	236		---31
237	238	239	240	241	241	242	243	243	244		---32
244	245	245	246	247	247	248	249	250	251		---33
252	253	254	254	255	256	257	257	257	258		---34
259	260	261	261	262	263	264	264	265	266		---35
267	268	269	269	270	271	271	272	272	273		---36
273	274	275	275	276	277	278	279	280	281		---37
282	282	283	284	285	285	285	286	287	288		---38
289	289	290	291	292	292	293	294	295	296		---39
297	297	298	299	299	300	300	301	301	302		---40
303	303	304	305	306	307	308	309	310	310		---41
311	312	313	313	313	314	315	316	317	317		---42
318	319	320	320	321	322	323	324	325	325		---43
326	327	327	328	328	329	329	330	331	331		---44
332	333	334	335	336	337	338	338	339	340		---45
341	341	341	342	343	344	345	345	346	347		---46
348	348	349	350	351	352	353	353	354	355		---47
355	356	356	357	357	358	359	359	360	361		---48
362	363	364	365	366	366	367	368	369	369		---49
369	370	371	372	373	373	374	375	376	376		---50
377	378	379	380	381	381	382	383	383	384		---51
384	385	385	386	387	387	388	389	390	391		---52
392	393	394	394	395	396	397	397	397	398		---53
399	400	401	401	402	403	404	404	405	406		---54
407	408	409	409	410	411	411	412	412	413		---55
413	414	415	415	416	417	418	419	420	421		---56
422	422	423	424	425	425	425	426	427	428		---57
429	429	430	431	432	432	433	434	435	436		---58
437	437	438	439	439	440	440	441	441	442		---59
443	443	444	445	446	447	448	449	450	450		---60
451	452	453	453	453	454	455	456	457	457		---61
458	459	460	460	461	462	463	464	465	465		---62
466	467	467	468	468	469	469	470	471	471		---63
472	473	474	475	476	477	478	478	479	480		---64
481	481	481	482	483	484	485	485	486	487		---65
488	488	489	490	491	492	493	493	494	495		---66
495	496	496	497	497	498	499	499	500	501		---67
502	503	504	505	506	506	507	508	509	509		---68
509	510	511	512	513	513	514	515	516	516		---69
517	518	519	520	521	521	522	523	523	524		---70
524	525	525	526	527	527	528	529	530	531		---71
532	533	534	534	535	536	537	537	537	538		---72
539	540	541	541	542	543	544	544	545	546		---73
547	548	549	549	550	551	551	552	552	553		---74
553	554	555	555	556	557	558	559	560	561		---75
562	562	563	564	565	565	565	566	567	568		---76
569	569	570	571	572	572	573	574	575	576		---77
577	577	578	579	579	580	580	581	581	582		---78
583	583	584	585	586	587	588	589	590	590		---79
591	592	593	593	593	594	595	596	597	597		---80
598	599	600	600	601	602	603	604	605	605		---81
606	607	607	608	608	609	609	610	611	611		---82
612	613	614	615	616	617	618	618	619	620		---83
621	621	621	622	623	624	625	625	625	625		---84
626	627	628	628	629	629	630	631	632	632		---85
633	633	634	635	635	636	636	637	637	637		---86
638	639	639	639	640	640	641	641	642	643		---87
643	644	645	646	646	647	648	649	649	649		---88
650	650	651	652	653	653	653	653	654	655		---89
656	656	657	657	658	659	660	660	661	661		---90
662	663	663	664	664	665	665	665	666	667		---91
667	667	668	668	669	669	670	671	671	672		---92
673	674	674	675	676	677	677	677	678	678		---93
679	680	681	681	681	681	682	683	684	684		---94
685	685	686	687	688	688	689	689	690	691		---95
691	692	692	693	693	693	694	695	695	695		---96
696	696	697	697	698	699	699	700	701	702		---97
702	703	704	705	705	705	706	706	707	708		---98
709	709	709	709	710	711	712	712	713	713		---99
714	715	716	716	717	717	718	719	719	720		---100
720	721	721	721	722	723	723	723	724	724		---101
725	725	726	727	727	728	729	730	730	731		---102
732	733	733	733	734	734	735	736	737	737		---103
737	737	738	739	740	740	741	741	742	743		---104
744	744	745	745	746	747	747	748	748	749		---105
749	749	750	751	751	751	752	752	753	753		---106
754	755	755	756	757	758	758	759	760	761		---107
761	761	762	762	763	764	765	765	765	765		---108
766	767	768	768	769	769	770	771	772	772		---109
773	773	774	775	775	776	776	777	777	777		---110
778	779	779	779	780	780	781	781	782	783		---111
783	784	785	786	786	787	788	789	789	789		---112
790	790	791	792	793	793	793	793	794	795		---113
796	796	797	797	798	799	800	800	801	801		---114
802	803	803	804	804	805	805	805	806	807		---115
807	807	808	808	809	809	810	811	811	812		---116
813	814	814	815	816	817	817	817	818	818		---117
819	820	821	821	821	821	822	823	824	824		---118
825	825	826	827	828	828	829	829	830	831		---119
831	832	832	833	833	833	834	835	835	835		---120
836	836	837	837	838	839	839	840	841	842		---121
842	843	844	845	845	845	846	846	847	848		---122
849	849	849	849	850	851	852	852	853	853		---123
854	855	856	856	857	857	858	859	859	860		---124
860	861	861	861	862	863	863	863	864	864		---125
865	865	866	867	867	868	869	870	870	871		---126
872	873	873	873	874	874	875	876	877	877		---127
877	877	878	879	880	880	881	881	882	883		---128
884	884	885	885	886	887	887	888	888	889		---129
889	889	890	891	891	891	892	892	893	893		---130
894	895	895	896	897	898	898	899	900	901		---131
901	901	902	902	903	904	905	905	905	905		---132
906	907	908	908	909	909	910	911	912	912		---133
913	913	914	915	915	916	916	917	917	917		---134
918	919	919	919	920	920	921	921	922	923		---135
923	924	925	926	926	927	928	929	929	929		---136
930	930	931	932	933	933	933	933	934	935		---137
936	936	937	937	938	939	940	940	941	941		---138
942	943	943	944	944	945	945	945	946	947		---139
947	947	948	948	949	949	950	951	951	952		---140
953	954	954	955	956	957	957	957	958	958		---141
959	960	961	961	961	961	962	963	964	964		---142
965	965	966	967	968	968	969	969	970	971		---143
971	972	972	973	973	973	974	975	975	975		---144
976	976	977	977	978	979	979	980	981	982		---145
982	983	984	985	985	985	986	986	987	988		---146
989	989	989	989	990	991	992	992	993	993		---147
994	995	996	996	997	997	998	999	999	1000		---148
1000	1001	1001	1001	1002	1003	1003	1003	1004	1004		---149
1005	1005	1006	1007	1007	1008	1009	1010	1010	1011		---150
1012	1013	1013	1013	1014	1014	1015	1016	1017	1017		---151
1017	1017	1018	1019	1020	1020	1021	1021	1022	1023		---152
1024	1024	1025	1025	1026	1027	1027	1028	1028	1029		---153
1029	1029	1030	1031	1031	1031	1032	1032	1033	1033		---154
1034	1035	1035	1036	1037	1038	1038	1039	1040	1041		---155
1041	1041	1042	1042	1043	1044	1045	1045	1045	1045		---156
1046	1047	1048	1048	1049	1049	1050	1051	1052	1052		---157
1053	1053	1054	1055	1055	1056	1056	1057	1057	1057		---158
1058	1059	1059	1059	1060	1060	1061	1061	1062	1063		---159
1063	1064	1065	1066	1066	1067	1068	1069	1069	1069		---160
1070	1070	1071	1072	1073	1073	1073	1073	1074	1075		---161
1076	1076	1077	1077	1078	1079	1080	1080	1081	1081		---162
1082	1083	1083	1084	1084	1085	1085	1085	1086	1087		---163
1087	1087	1088	1088	1089	1089	1090	1091	1091	1092		---164
1093	1094	1094	1095	1096	1097	1097	1097	1098	1098		---165
1099	1100	1101	1101	1101	1101	1102	1103	1104	1104		---166
1105	1105	1106	1107	1108	1108	1109	1109	1110	1111		---167
1111	1112	1112	1113	1113	1113	1114	1115	1115	1115		---168
1116	1116	1117	1117	1118	1119	1119	1120	1121	1122		---169
1122	1123	1124	1125	1125	1125	1126	1126	1127	1128		---170
1129	1129	1129	1129	1130	1131	1132	1132	1133	1133		---171
1134	1135	1136	1136	1137	1137	1138	1139	1139	1140		---172
1140	1141	1141	1141	1142	1143	1143	1143	1144	1144		---173
1145	1145	1146	1147	1147	1148	1149	1150	1150	1151		---174
1152	1153	1153	1153	1154	1154	1155	1156	1157	1157		---175
1157	1157	1158	1159	1160	1160	1161	1161	1162	1163		---176
1164	1164	1165	1165	1166	1167	1167	1168	1168	1169		---177
1169	1169	1170	1171	1171	1171	1172	1172	1173	1173		---178
1174	1175	1175	1176	1177	1178	1178	1179	1180	1181		---179
1181	1181	1182	1182	1183	1184	1185	1185	1185	1185		---180
1186	1187	1188	1188	1189	1189	1190	1191	1192	1192		---181
1193	1193	1194	1195	1195	1196	1196	1197	1197	1197		---182
1198	1199	1199	1199	1200	1200	1201	1201	1202	1203		---183
1203	1204	1205	1206	1206	1207	1208	1209	1209	1209		---184
1210	1210	1211	1212	1213	1213	1213	1213	1214	1215		---185
1216	1216	1217	1217	1218	1219	1220	1220	1221	1221		---186
1222	1223	1223	1224	1224	1225	1225	1225	1226	1227		---187
1227	1227	1228	1228	1229	1229	1230	1231	1231	1232		---188
1233	1234	1234	1235	1236	1237	1237	1237	1238	1238		---189
1239	1240	1241	1241	1241	1241	1242	1243	1244	1244		---190
1245	1245	1246	1247	1248	1248	1249	1249	1250	1251		---191
1251	1252	1252	1253	1253	1253	1254	1255	1255	1255		---192
1256	1256	1257	1257	1258	1259	1259	1260	1261	1262		---193
1262	1263	1264	1265	1265	1265	1266	1266	1267	1268		---194
1269	1269	1269	1269	1270	1271	1272	1272	1273	1273		---195
1274	1275	1276	1276	1277	1277	1278	1279	1279	1280		---196
1280	1281	1281	1281	1282	1283	1283	1283	1284	1284		---197
1285	1285	1286	1287	1287	1288	1289	1290	1290	1291		---198
1292	1293	1293	1293	1294	1294	1295	1296	1297	1297		---199
1297	1297	1298	1299	1300	1300	1301	1301	1302	1303		---200
1304	1304	1305	1305	1306	1307	1307	1308	1308	1309		---201
1309	1309	1310	1311	1311	1311	1312	1312	1313	1313		---202
1314	1315	1315	1316	1317	1318	1318	1319	1320	1321		---203
1321	1321	1322	1322	1323	1324	1325	1325	1325	1325		---204
1326	1327	1328	1328	1329	1329	1330	1331	1332	1332		---205
1333	1333	1334	1335	1335	1336	1336	1337	1337	1337		---206
1338	1339	1339	1339	1340	1340	1341	1341	1342	1343		---207
1343	1344	1345	1346	1346	1347	1348	1349	1349	1349		---208
1350	1350	1351	1352	1353	1353	1353	1353	1354	1355		---209
1356	1356	1357	1357	1358	1359	1360	1360	1361	1361		---210
1362	1363	1364	1365	1365	1367	1367	1368	1369	1371		---211
1374	1377	1377	1378	1381	1381	1381	1384	1385	1388		---212
1389	1391	1392	1393	1393	1395	1395	1396	1397	1399		---213
1402	1405	1405	1406	1409	1409	1409	1412	1413	1416		---214
1417	1419	1420	1421	1421	1423	1423	1424	1425	1427		---215
1430	1433	1433	1434	1437	1437	1437	1440	1441	1444		---216
1445	1447	1448	1449	1449	1451	1451	1452	1453	1455		---217
1458	1461	1461	1462	1465	1465	1465	1468	1469	1472		---218
1473	1475	1476	1477	1477	1479	1479	1480	1481	1483		---219
1486	1489	1489	1490	1493	1493	1493	1496	1497	1500		---220
1501	1503	1504	1505	1505	1507	1507	1508	1509	1511		---221
1514	1517	1517	1518	1521	1521	1521	1524	1525	1528		---222
1529	1531	1532	1533	1533	1535	1535	1536	1537	1539		---223
1542	1545	1545	1546	1549	1549	1549	1552	1553	1556		---224
1557	1559	1560	1561	1561	1563	1563	1564	1565	1567		---225
1570	1573	1573	1574	1577	1577	1577	1580	1581	1584		---226
1585	1587	1588	1589	1589	1591	1591	1592	1593	1595		---227
1598	1601	1601	1602	1605	1605	1605	1608	1609	1612		---228
1613	1615	1616	1617	1617	1619	1619	1620	1621	1623		---229
1626	1629	1629	1630	1633	1633	1633	1636	1637	1640		---230
1641	1643	1644	1645	1645	1647	1647	1648	1649	1651		---231
1654	1657	1657	1658	1661	1661	1661	1664	1665	1668		---232
1669	1671	1672	1673	1673	1675	1675	1676	1677	1679		---233
1682	1685	1685	1686	1689	1689	1689	1692	1693	1696		---234
1697	1699	1700	1701	1701	1703	1703	1704	1705	1707		---235
1710	1713	1713	1714	1717	1717	1717	1720	1721	1724		---236
1725	1727	1728	1729	1729	1731	1731	1732	1733	1735		---237
1738	1741	1741	1742	1745	1745	1745	1748	1749	1752		---238
1753	1755	1756	1757	1757	1759	1759	1760	1761	1763		---239
1766	1769	1769	1770	1773	1773	1773	1776	1777	1780		---240
1781	1783	1784	1785	1785	1787	1787	1788	1789	1791		---241
1794	1797	1797	1798	1801	1801	1801	1804	1805	1808		---242
1809	1811	1812	1813	1813	1815	1815	1816	1817	1819		---243
1822	1825	1825	1826	1829	1829	1829	1832	1833	1836		---244
1837	1839	1840	1841	1841	1843	1843	1844	1845	1847		---245
1850	1853	1853	1854	1857	1857	1857	1860	1861	1864		---246
1865	1867	1868	1869	1869	1871	1871	1872	1873	1875		---247
1878	1881	1881	1882	1885	1885	1885	1888	1889	1892		---248
1893	1895	1896	1897	1897	1899	1899	1900	1901	1903		---249
1906	1909	1909	1910	1913	1913	1913	1916	1917	1920		---250
1921	1923	1924	1925	1925	1927	1927	1928	1929	1931		---251
1934	1937	1937	1938	1941	1941	1941	1944	1945	1948		---252
1949	1951	1952	1953	1953	1955	1955	1956	1957	1959		---253
1962	1965	1965	1966	1969	1969	1969	1972	1973	1976		---254
1977	1979	1980	1981	1981	1983	1983	1984	1985	1987		---255
1990	1993	1993	1994	1997	1997	1997	2000	2001	2004		---256
2005	2007	2008	2009	2009	2011	2011	2012	2013	2015		---257
2018	2021	2021	2022	2025	2025	2025	2028	2029	2032		---258
2033	2035	2036	2037	2037	2039	2039	2040	2041	2043		---259
2046	2049	2049	2050	2053	2053	2053	2056	2057	2060		---260
2061	2063	2064	2065	2065	2067	2067	2068	2069	2071		---261
2074	2077	2077	2078	2081	2081	2081	2084	2085	2088		---262
2089	2091	2092	2093	2093	2095	2095	2096	2097	2099		---263
2102	2105	2105	2106	2109	2109	2109	2112	2113	2116		---264
2117	2119	2120	2121	2121	2123	2123	2124	2125	2127		---265
2130	2133	2133	2134	2137	2137	2137	2140	2141	2144		---266
2145	2147	2148	2149	2149	2151	2151	2152	2153	2155		---267
2158	2161	2161	2162	2165	2165	2165	2168	2169	2172		---268
2173	2175	2176	2177	2177	2179	2179	2180	2181	2183		---269
2186	2189	2189	2190	2193	2193	2193	2196	2197	2200		---270
2201	2203	2204	2205	2205	2207	2207	2208	2209	2211		---271
2214	2217	2217	2218	2221	2221	2221	2224	2225	2228		---272
2229	2231	2232	2233	2233	2235	2235	2236	2237	2239		---273
2242	2245	2245	2246	2249	2249	2249	2252	2253	2256		---274
2257	2259	2260	2261	2261	2263	2263	2264	2265	2267		---275
2270	2273	2273	2274	2277	2277	2277	2280	2281	2284		---276
2285	2287	2288	2289	2289	2291	2291	2292	2293	2295		---277
2298	2301	2301	2302	2305	2305	2305	2308	2309	2312		---278
2313	2315	2316	2317	2317	2319	2319	2320	2321	2323		---279
2326	2329	2329	2330	2333	2333	2333	2336	2337	2340		---280
2341	2343	2344	2345	2345	2347	2347	2348	2349	2351		---281
2354	2357	2357	2358	2361	2361	2361	2364	2365	2368		---282
2369	2371	2372	2373	2373	2375	2375	2376	2377	2379		---283
2382	2385	2385	2386	2389	2389	2389	2392	2393	2396		---284
2397	2399	2400	2401	2401	2403	2403	2404	2405	2407		---285
2410	2413	2413	2414	2417	2417	2417	2420	2421	2424		---286
2425	2427	2428	2429	2429	2431	2431	2432	2433	2435		---287
2438	2441	2441	2442	2445	2445	2445	2448	2449	2452		---288
2453	2455	2456	2457	2457	2459	2459	2460	2461	2463		---289
2466	2469	2469	2470	2473	2473	2473	2476	2477	2480		---290
2481	2483	2484	2485	2485	2487	2487	2488	2489	2491		---291
2494	2497	2497	2498	2501	2501	2501	2504	2505	2508		---292
2509	2511	2512	2513	2513	2515	2515	2516	2517	2519		---293
2522	2525	2525	2526	2529	2529	2529	2532	2533	2536		---294
2537	2539	2540	2541	2541	2543	2543	2544	2545	2547		---295
2550	2553	2553	2554	2557	2557	2557	2560	2561	2564		---296
2565	2567	2568	2569	2569	2571	2571	2572	2573	2575		---297
2578	2581	2581	2582	2585	2585	2585	2588	2589	2592		---298
2593	2595	2596	2597	2597	2599	2599	2600	2601	2603		---299
2606	2609	2609	2610	2613	2613	2613	2616	2617	2620		---300
2621	2623	2624	2625	2625	2627	2627	2628	2629	2631		---301
2634	2637	2637	2638	2641	2641	2641	2644	2645	2648		---302
2649	2651	2652	2653	2653	2655	2655	2656	2657	2659		---303
2662	2665	2665	2666	2669	2669	2669	2672	2673	2676		---304
2677	2679	2680	2681	2681	2683	2683	2684	2685	2687		---305
2690	2693	2693	2694	2697	2697	2697	2700	2701	2704		---306
2705	2707	2708	2709	2709	2711	2711	2712	2713	2715		---307
2718	2721	2721	2722	2725	2725	2725	2728	2729	2732		---308
2733	2735	2736	2737	2737	2739	2739	2740	2741	2743		---309
2746	2749	2749	2750	2753	2753	2753	2756	2757	2760		---310
2761	2763	2764	2765	2765	2767	2767	2768	2769	2771		---311
2774	2777	2777	2778	2781	2781	2781	2784	2785	2788		---312
2789	2791	2792	2793	2793	2795	2795	2796	2797	2799		---313
2802	2805	2805	2806	2809	2809	2809	2812	2813	2816		---314
2817	2819	2820	2821	2821	2823	2823	2824	2825	2827		---315
2830	2833	2833	2834	2837	2837	2837	2840	2841	2844		---316
2845	2847	2848	2849	2849	2851	2851	2852	2853	2855		---317
2858	2861	2861	2862	2865	2865	2865	2868	2869	2872		---318
2873	2875	2876	2877	2877	2879	2879	2880	2881	2883		---319
2886	2889	2889	2890	2893	2893	2893	2896	2897	2900		---320
2901	2903	2904	2905	2905	2907	2907	2908	2909	2911		---321
2914	2917	2917	2918	2921	2921	2921	2924	2925	2928		---322
2929	2931	2932	2933	2933	2935	2935	2936	2937	2939		---323
2942	2945	2945	2946	2949	2949	2949	2952	2953	2956		---324
2957	2959	2960	2961	2961	2963	2963	2964	2965	2967		---325
2970	2973	2973	2974	2977	2977	2977	2980	2981	2984		---326
2985	2987	2988	2989	2989	2991	2991	2992	2993	2995		---327
2998	3001	3001	3002	3005	3005	3005	3008	3009	3012		---328
3013	3015	3016	3017	3017	3019	3019	3020	3021	3023		---329
3026	3029	3029	3030	3033	3033	3033	3036	3037	3040		---330
3041	3043	3044	3045	3045	3047	3047	3048	3049	3051		---331
3054	3057	3057	3058	3061	3061	3061	3064	3065	3068		---332
3069	3071	3072	3073	3073	3075	3075	3076	3077	3079		---333
3082	3085	3085	3086	3089	3089	3089	3092	3093	3096		---334
3097	3099	3100	3101	3101	3103	3103	3104	3105	3107		---335
3110	3113	3113	3114	3117	3117	3117	3120	3121	3124		---336
3125	3127	3128	3129	3129	3131	3131	3132	3133	3135		---337
3138	3141	3141	3142	3145	3145	3145	3148	3149	3152		---338
3153	3155	3156	3157	3157	3159	3159	3160	3161	3163		---339
3166	3169	3169	3170	3173	3173	3173	3176	3177	3180		---340
3181	3183	3184	3185	3185	3187	3187	3188	3189	3191		---341
3194	3197	3197	3198	3201	3201	3201	3204	3205	3208		---342
3209	3211	3212	3213	3213	3215	3215	3216	3217	3219		---343
3222	3225	3225	3226	3229	3229	3229	3232	3233	3236		---344
3237	3239	3240	3241	3241	3243	3243	3244	3245	3247		---345
3250	3253	3253	3254	3257	3257	3257	3260	3261	3264		---346
3265	3267	3268	3269	3269	3271	3271	3272	3273	3275		---347
3278	3281	3281	3282	3285	3285	3285	3288	3289	3292		---348
3293	3295	3296	3297	3297	3299	3299	3300	3301	3303		---349
3306	3309	3309	3310	3313	3313	3313	3316	3317	3320		---350
3321	3323	3324	3325	3325	3327	3327	3328	3329	3331		---351
3334	3337	3337	3338	3341	3341	3341	3344	3345	3348		---352
3349	3351	3352	3353	3353	3355	3355	3356	3357	3359		---353
3362	3365	3365	3366	3369	3369	3369	3372	3373	3376		---354
3377	3379	3380	3381	3381	3383	3383	3384	3385	3387		---355
3390	3393	3393	3394	3397	3397	3397	3400	3401	3404		---356
3405	3407	3408	3409	3409	3411	3411	3412	3413	3415		---357
3418	3421	3421	3422	3425	3425	3425	3428	3429	3432		---358
3433	3435	3436	3437	3437	3439	3439	3440	3441	3443		---359
3446	3449	3449	3450	3453	3453	3453	3456	3457	3460		---360
3461	3463	3464	3465	3465	3467	3467	3468	3469	3471		---361
3474	3477	3477	3478	3481	3481	3481	3484	3485	3488		---362
3489	3491	3492	3493	3493	3495	3495	3496	3497	3499		---363
3502	3505	3505	3506	3509	3509	3509	3512	3513	3516		---364
3517	3519	3520	3521	3521	3523	3523	3524	3525	3527		---365
3530	3533	3533	3534	3537	3537	3537	3540	3541	3544		---366
3545	3547	3548	3549	3549	3551	3551	3552	3553	3555		---367
3558	3561	3561	3562	3565	3565	3565	3568	3569	3572		---368
3573	3575	3576	3577	3577	3579	3579	3580	3581	3583		---369
3586	3589	3589	3590	3593	3593	3593	3596	3597	3600		---370
3601	3603	3604	3605	3605	3607	3607	3608	3609	3611		---371
3614	3617	3617	3618	3621	3621	3621	3624	3625	3628		---372
3629	3631	3632	3633	3633	3635	3635	3636	3637	3639		---373
3642	3645	3645	3646	3649	3649	3649	3652	3653	3656		---374
3657	3659	3660	3661	3661	3663	3663	3664	3665	3667		---375
3670	3673	3673	3674	3677	3677	3677	3680	3681	3684		---376
3685	3687	3688	3689	3689	3691	3691	3692	3693	3695		---377
3698	3701	3701	3702	3705	3705	3705	3708	3709	3712		---378
3713	3715	3716	3717	3717	3719	3719	3720	3721	3723		---379
3726	3729	3729	3730	3733	3733	3733	3736	3737	3740		---380
3741	3743	3744	3745	3745	3747	3747	3748	3749	3751		---381
3754	3757	3757	3758	3761	3761	3761	3764	3765	3768		---382
3769	3771	3772	3773	3773	3775	3775	3776	3777	3779		---383
3782	3785	3785	3786	3789	3789	3789	3792	3793	3796		---384
3797	3799	3800	3801	3801	3803	3803	3804	3805	3807		---385
3810	3813	3813	3814	3817	3817	3817	3820	3821	3824		---386
3825	3827	3828	3829	3829	3831	3831	3832	3833	3835		---387
3838	3841	3841	3842	3845	3845	3845	3848	3849	3852		---388
3853	3855	3856	3857	3857	3859	3859	3860	3861	3863		---389
3866	3869	3869	3870	3873	3873	3873	3876	3877	3880		---390
3881	3883	3884	3885	3885	3887	3887	3888	3889	3891		---391
3894	3897	3897	3898	3901	3901	3901	3904	3905	3908		---392
3909	3911	3912	3913	3913	3915	3915	3916	3917	3919		---393
3922	3925	3925	3926	3929	3929	3929	3932	3933	3936		---394
3937	3939	3940	3941	3941	3943	3943	3944	3945	3947		---395
3950	3953	3953	3954	3957	3957	3957	3960	3961	3964		---396
3965	3967	3968	3969	3969	3971	3971	3972	3973	3975		---397
3978	3981	3981	3982	3985	3985	3985	3988	3989	3992		---398
3993	3995	3996	3997	3997	3999	3999	4000	4001	4003		---399
4006	4009	4009	4010	4013	4013	4013	4016	4017	4020		---400
4021	4023	4024	4025	4025	4027	4027	4028	4029	4031		---401
4034	4037	4037	4038	4041	4041	4041	4044	4045	4048		---402
4049	4051	4052	4053	4053	4055	4055	4056	4057	4059		---403
4062	4065	4065	4066	4069	4069	4069	4072	4073	4076		---404
4077	4079	4080	4081	4081	4083	4083	4084	4085	4087		---405
4090	4093	4093	4094	4097	4097	4097	4100	4101	4104		---406
4105	4107	4108	4109	4109	4111	4111	4112	4113	4115		---407
4118	4121	4121	4122	4125	4125	4125	4128	4129	4132		---408
4133	4135	4136	4137	4137	4139	4139	4140	4141	4143		---409
4146	4149	4149	4150	4153	4153	4153	4156	4157	4160		---410
4161	4163	4164	4165	4165	4167	4167	4168	4169	4171		---411
4174	4177	4177	4178	4181	4181	4181	4184	4185	4188		---412
4189	4191	4192	4193	4193	4195	4195	4196	4197	4199		---413
4202	4205	4205	4206	4209	4209	4209	4212	4213	4216		---414
4217	4219	4220	4221	4221	4223	4223	4224	4225	4227		---415
4230	4233	4233	4234	4237	4237	4237	4240	4241	4244		---416
4245	4247	4248	4249	4249	4251	4251	4252	4253	4255		---417
4258	4261	4261	4262	4265	4265	4265	4268	4269	4272		---418
4273	4275	4276	4277	4277	4279	4279	4280	4281	4283		---419
4286	4289	4289	4290	4293	4293	4293	4296	4297	4300		---420
4301	4303	4304	4305	4305	4307	4307	4308	4309	4311		---421
4314	4317	4317	4318	4321	4321	4321	4324	4325	4328		---422
4329	4331	4332	4333	4333	4335	4335	4336	4337	4339		---423
4342	4345	4345	4346	4349	4349	4349	4352	4353	4356		---424
4357	4359	4360	4361	4361	4363	4363	4364	4365	4367		---425
4370	4373	4373	4374	4377	4377	4377	4380	4381	4384		---426
4385	4387	4388	4389	4389	4391	4391	4392	4393	4395		---427
4398	4401	4401	4402	4405	4405	4405	4408	4409	4412		---428
4413	4415	4416	4417	4417	4419	4419	4420	4421	4423		---429
4426	4429	4429	4430	4433	4433	4433	4436	4437	4440		---430
4441	4443	4444	4445	4445	4447	4447	4448	4449	4451		---431
4454	4457	4457	4458	4461	4461	4461	4464	4465	4468		---432
4469	4471	4472	4473	4473	4475	4475	4476	4477	4479		---433
4482	4485	4485	4486	4489	4489	4489	4492	4493	4496		---434
4497	4499	4500	4501	4501	4503	4503	4504	4505	4507		---435
4510	4513	4513	4514	4517	4517	4517	4520	4521	4524		---436
4525	4527	4528	4529	4529	4531	4531	4532	4533	4535		---437
4538	4541	4541	4542	4545	4545	4545	4548	4549	4552		---438
4553	4555	4556	4557	4557	4559	4559	4560	4561	4563		---439
4566	4569	4569	4570	4573	4573	4573	4576	4577	4580		---440
4581	4583	4584	4585	4585	4587	4587	4588	4589	4591		---441
4594	4597	4597	4598	4601	4601	4601	4604	4605	4608		---442
4609	4611	4612	4613	4613	4615	4615	4616	4617	4619		---443
4622	4625	4625	4626	4629	4629	4629	4632	4633	4636		---444
4637	4639	4640	4641	4641	4643	4643	4644	4645	4647		---445
4650	4653	4653	4654	4657	4657	4657	4660	4661	4664		---446
4665	4667	4668	4669	4669	4671	4671	4672	4673	4675		---447
4678	4681	4681	4682	4685	4685	4685	4688	4689	4692		---448
4693	4695	4696	4697	4697	4699	4699	4700	4701	4703		---449
4706	4709	4709	4710	4713	4713	4713	4716	4717	4720		---450
4721	4723	4724	4725	4725	4727	4727	4728	4729	4731		---451
4734	4737	4737	4738	4741	4741	4741	4744	4745	4748		---452
4749	4751	4752	4753	4753	4755	4755	4756	4757	4759		---453
4762	4765	4765	4766	4769	4769	4769	4772	4773	4776		---454
4777	4779	4780	4781	4781	4783	4783	4784	4785	4787		---455
4790	4793	4793	4794	4797	4797	4797	4800	4801	4804		---456
4805	4807	4808	4809	4809	4811	4811	4812	4813	4815		---457
4818	4821	4821	4822	4825	4825	4825	4828	4829	4832		---458
4833	4835	4836	4837	4837	4839	4839	4840	4841	4843		---459
4846	4849	4849	4850	4853	4853	4853	4856	4857	4860		---460
4861	4863	4864	4865	4865	4867	4867	4868	4869	4871		---461
4874	4877	4877	4878	4881	4881	4881	4884	4885	4888		---462
4889	4891	4892	4893	4893	4895	4895	4896	4897	4899		---463
4902	4905	4905	4906	4909	4909	4909	4912	4913	4916		---464
4917	4919	4920	4921	4921	4923	4923	4924	4925	4927		---465
4930	4933	4933	4934	4937	4937	4937	4940	4941	4944		---466
4945	4947	4948	4949	4949	4951	4951	4952	4953	4955		---467
4958	4961	4961	4962	4965	4965	4965	4968	4969	4972		---468
4973	4975	4976	4977	4977	4979	4979	4980	4981	4983		---469
4986	4989	4989	4990	4993	4993	4993	4996	4997	5000		---470
5001	5003	5004	5005	5005	5007	5007	5008	5009	5011		---471
5014	5017	5017	5018	5021	5021	5021	5024	5025	5028		---472
5029	5031	5032	5033	5033	5035	5035	5036	5037	5039		---473
5042	5045	5045	5046	5049	5049	5049	5052	5053	5056		---474
5057	5059	5060	5061	5061	5063	5063	5064	5065	5067		---475
5070	5073	5073	5074	5077	5077	5077	5080	5081	5084		---476
5085	5087	5088	5089	5089	5091	5091	5092	5093	5095		---477
5098	5101	5101	5102	5105	5105	5105	5108	5109	5112		---478
5113	5115	5116	5117	5117	5119	5119	5120	5121	5123		---479
5126	5129	5129	5130	5133	5133	5133	5136	5137	5140		---480
5141	5143	5144	5145	5145	5147	5147	5148	5149	5151		---481
5154	5157	5157	5158	5161	5161	5161	5164	5165	5168		---482
5169	5171	5172	5173	5173	5175	5175	5176	5177	5179		---483
5182	5185	5185	5186	5189	5189	5189	5192	5193	5196		---484
5197	5199	5200	5201	5201	5203	5203	5204	5205	5207		---485
5210	5213	5213	5214	5217	5217	5217	5220	5221	5224		---486
5225	5227	5228	5229	5229	5231	5231	5232	5233	5235		---487
5238	5241	5241	5242	5245	5245	5245	5248	5249	5252		---488
5253	5255	5256	5257	5257	5259	5259	5260	5261	5263		---489
5266	5269	5269	5270	5273	5273	5273	5276	5277	5280		---490
5281	5283	5284	5285	5285	5287	5287	5288	5289	5291		---491
5294	5297	5297	5298	5301	5301	5301	5304	5305	5308		---492
5309	5311	5312	5313	5313	5315	5315	5316	5317	5319		---493
5322	5325	5325	5326	5329	5329	5329	5332	5333	5336		---494
5337	5339	5340	5341	5341	5343	5343	5344	5345	5347		---495
5350	5353	5353	5354	5357	5357	5357	5360	5361	5364		---496
5365	5367	5368	5369	5369	5371	5371	5372	5373	5375		---497
5378	5381	5381	5382	5385	5385	5385	5388	5389	5392		---498
5393	5395	5396	5397	5397	5399	5399	5400	5401	5403		---499
5406	5409	5409	5410	5413	5413	5413	5416	5417	5420		---500
5421	5423	5424	5425	5425	5427	5427	5428	5429	5431		---501
5434	5437	5437	5438	5441	5441	5441	5444	5445	5448		---502
5449	5451	5452	5453	5453	5455	5455	5456	5457	5459		---503
5462	5465	5465	5466	5469	5469	5469	5472	5473	5476		---504
5477	5479	5480	5481	5481	5483	5483	5484	5485	5487		---505
5490	5493	5493	5494	5497	5497	5497	5500	5501	5504		---506
5505	5507	5508	5509	5509	5511	5511	5512	5513	5515		---507
5518	5521	5521	5522	5525	5525	5525	5528	5529	5532		---508
5533	5535	5536	5537	5537	5539	5539	5540	5541	5543		---509
5546	5549	5549	5550	5553	5553	5553	5556	5557	5560		---510
5561	5563	5564	5565	5565	5567	5567	5568	5569	5571		---511
5574	5577	5577	5578	5581	5581	5581	5584	5585	5588		---512
5589	5591	5592	5593	5593	5595	5595	5596	5597	5599		---513
5602	5605	5605	5606	5609	5609	5609	5612	5613	5616		---514
5617	5619	5620	5621	5621	5623	5623	5624	5625	5627		---515
5630	5633	5633	5634	5637	5637	5637	5640	5641	5644		---516
5645	5647	5648	5649	5649	5651	5651	5652	5653	5655		---517
5658	5661	5661	5662	5665	5665	5665	5668	5669	5672		---518
5673	5675	5676	5677	5677	5679	5679	5680	5681	5683		---519
5686	5689	5689	5690	5693	5693	5693	5696	5697	5700		---520
5701	5703	5704	5705	5705	5707	5707	5708	5709	5711		---521
5714	5717	5717	5718	5721	5721	5721	5724	5725	5728		---522
5729	5731	5732	5733	5733	5735	5735	5736	5737	5739		---523
5742	5745	5745	5746	5749	5749	5749	5752	5753	5756		---524
5757	5759	5760	5761	5761	5763	5763	5764	5765	5767		---525
5770	5773	5773	5774	5777	5777	5777	5780	5781	5784		---526
5785	5787	5788	5789	5789	5791	5791	5792	5793	5795		---527
5798	5801	5801	5802	5805	5805	5805	5808	5809	5812		---528
5813	5815	5816	5817	5817	5819	5819	5820	5821	5823		---529
5826	5829	5829	5830	5833	5833	5833	5836	5837	5840		---530
5841	5843	5844	5845	5845	5847	5847	5848	5849	5851		---531
5854	5857	5857	5858	5861	5861	5861	5864	5865	5868		---532
5869	5871	5872	5873	5873	5875	5875	5876	5877	5879		---533
5882	5885	5885	5886	5889	5889	5889	5892	5893	5896		---534
5897	5899	5900	5901	5901	5903	5903	5904	5905	5907		---535
5910	5913	5913	5914	5917	5917	5917	5920	5921	5924		---536
5925	5927	5928	5929	5929	5931	5931	5932	5933	5935		---537
5938	5941	5941	5942	5945	5945	5945	5948	5949	5952		---538
5953	5955	5956	5957	5957	5959	5959	5960	5961	5963		---539
5966	5969	5969	5970	5973	5973	5973	5976	5977	5980		---540
5981	5983	5984	5985	5985	5987	5987	5988	5989	5991		---541
5994	5997	5997	5998	6001	6001	6001	6004	6005	6008		---542
6009	6011	6012	6013	6013	6015	6015	6016	6017	6019		---543
6022	6025	6025	6026	6029	6029	6029	6032	6033	6036		---544
6037	6039	6040	6041	6041	6043	6043	6044	6045	6047		---545
6050	6053	6053	6054	6057	6057	6057	6060	6061	6064		---546
6065	6067	6068	6069	6069	6071	6071	6072	6073	6075		---547
6078	6081	6081	6082	6085	6085	6085	6088	6089	6092		---548
6093	6095	6096	6097	6097	6099	6099	6100	6101	6103		---549
6106	6109	6109	6110	6113	6113	6113	6116	6117	6120		---550
6121	6123	6124	6125	6125	6127	6127	6131	6134	6137		---551
6137	6141	6141	6141	6144	6145	6149	6151	6152	6153		---552
6153	6155	6155	6162	6165	6165	6169	6169	6172	6173		---553
6177	6179	6180	6181	6183	6190	6193	6193	6197	6197		---554
6200	6205	6207	6208	6209	6211	6218	6221	6221	6225		---555
6228	6233	6235	6236	6237	6239	6246	6249	6249	6253		---556
6256	6261	6263	6264	6265	6267	6274	6277	6277	6281		---557
6284	6289	6291	6292	6293	6295	6302	6305	6305	6309		---558
6312	6317	6319	6320	6321	6323	6330	6333	6333	6337		---559
6340	6345	6347	6348	6349	6351	6358	6361	6361	6365		---560
6368	6373	6375	6376	6377	6379	6386	6389	6389	6393		---561
6396	6401	6403	6404	6405	6407	6414	6417	6417	6421		---562
6424	6429	6431	6432	6433	6435	6442	6445	6445	6449		---563
6452	6457	6459	6460	6461	6463	6470	6473	6473	6477		---564
6480	6485	6487	6488	6489	6491	6498	6501	6501	6505		---565
6508	6513	6515	6516	6517	6519	6526	6529	6529	6533		---566
6536	6541	6543	6544	6545	6547	6554	6557	6557	6561		---567
6564	6569	6571	6572	6573	6575	6582	6585	6585	6589		---568
6592	6597	6599	6600	6601	6603	6610	6613	6613	6617		---569
6620	6625	6627	6628	6629	6631	6638	6641	6641	6645		---570
6648	6653	6655	6656	6657	6659	6666	6669	6669	6673		---571
6676	6681	6683	6684	6685	6687	6694	6697	6697	6701		---572
6704	6709	6711	6712	6713	6715	6722	6725	6725	6729		---573
6732	6737	6739	6740	6741	6743	6750	6753	6753	6757		---574
6760	6765	6767	6768	6769	6771	6778	6781	6781	6785		---575
6788	6793	6795	6796	6797	6799	6806	6809	6809	6813		---576
6816	6821	6823	6824	6825	6827	6834	6837	6837	6841		---577
6844	6849	6851	6852	6853	6855	6862	6865	6865	6869		---578
6872	6877	6879	6880	6881	6883	6890	6893	6893	6897		---579
6900	6905	6907	6908	6909	6911	6918	6921	6921	6925		---580
6928	6933	6935	6936	6937	6939	6946	6949	6949	6953		---581
6956	6961	6963	6964	6965	6967	6974	6977	6977	6981		---582
6984	6989	6991	6992	6993	6995	7002	7005	7005	7009		---583
7012	7017	7019	7020	7021	7023	7030	7033	7033	7037		---584
7040	7045	7047	7048	7049	7051	7058	7061	7061	7065		---585
7068	7073	7075	7076	7077	7079	7086	7089	7089	7093		---586
7096	7101	7103	7104	7105	7107	7114	7117	7117	7121		---587
7124	7129	7131	7132	7133	7135	7142	7145	7145	7149		---588
7152	7157	7159	7160	7161	7163	7170	7173	7173	7177		---589
7180	7185	7187	7188	7189	7191	7198	7201	7201	7205		---590
7208	7213	7215	7216	7217	7219	7226	7229	7229	7233		---591
7236	7241	7243	7244	7245	7247	7254	7257	7257	7261		---592
7264	7269	7271	7272	7273	7275	7282	7285	7285	7289		---593
7292	7297	7299	7300	7301	7303	7310	7313	7313	7317		---594
7320	7325	7327	7328	7329	7331	7338	7341	7341	7345		---595
7348	7353	7355	7356	7357	7359	7366	7369	7369	7373		---596
7376	7381	7383	7384	7385	7387	7394	7397	7397	7401		---597
7404	7409	7411	7412	7413	7415	7422	7425	7425	7429		---598
7432	7437	7439	7440	7441	7443	7450	7453	7453	7457		---599
7460	7465	7467	7468	7469	7471	7478	7481	7481	7485		---600
7488	7493	7495	7496	7497	7499	7506	7509	7509	7513		---601
7516	7521	7523	7524	7525	7527	7534	7537	7537	7541		---602
7544	7549	7551	7552	7553	7555	7562	7565	7565	7569		---603
7572	7577	7579	7580	7581	7583	7590	7593	7593	7597		---604
7600	7605	7607	7608	7609	7611	7618	7621	7621	7625		---605
7628	7633	7635	7636	7637	7639	7646	7649	7649	7653		---606
7656	7661	7663	7664	7665	7667	7674	7677	7677	7681		---607
7684	7689	7691	7692	7693	7695	7702	7705	7705	7709		---608
7712	7717	7719	7720	7721	7723	7730	7733	7733	7737		---609
7740	7745	7747	7748	7749	7751	7758	7761	7761	7765		---610
7768	7773	7775	7776	7777	7779	7786	7789	7789	7793		---611
7796	7801	7803	7804	7805	7807	7814	7817	7817	7821		---612
7824	7829	7831	7832	7833	7835	7842	7845	7845	7849		---613
7852	7857	7859	7860	7861	7863	7870	7873	7873	7877		---614
7880	7885	7887	7888	7889	7891	7898	7901	7901	7905		---615
7908	7913	7915	7916	7917	7919	7926	7929	7929	7933		---616
7936	7941	7943	7944	7945	7947	7954	7957	7957	7961		---617
7964	7969	7971	7972	7973	7975	7982	7985	7985	7989		---618
7992	7997	7999	8000	8001	8003	8010	8013	8013	8017		---619
8020	8025	8027	8028	8029	8031	8038	8041	8041	8045		---620
8048	8053	8055	8056	8057	8059	8066	8069	8069	8073		---621
8076	8081	8083	8084	8085	8087	8094	8097	8097	8101		---622
8104	8109	8111	8112	8113	8115	8122	8125	8125	8129		---623
8132	8137	8139	8140	8141	8143	8150	8153	8153	8157		---624
8160	8165	8167	8168	8169	8171	8178	8181	8181	8185		---625
8188	8193	8195	8196	8197	8199	8206	8209	8209	8213		---626
8216	8221	8223	8224	8225	8227	8234	8237	8237	8241		---627
8244	8249	8251	8252	8253	8255	8262	8265	8265	8269		---628
8272	8277	8279	8280	8281	8283	8290	8293	8293	8297		---629
8300	8305	8307	8308	8309	8311	8318	8321	8321	8325		---630
8328	8333	8335	8336	8337	8339	8346	8349	8349	8353		---631
8356	8361	8363	8364	8365	8367	8374	8377	8377	8381		---632
8384	8389	8391	8392	8393	8395	8402	8405	8405	8409		---633
8412	8417	8419	8420	8421	8423	8430	8433	8433	8437		---634
8440	8445	8447	8448	8449	8451	8458	8461	8461	8465		---635
8468	8473	8475	8476	8477	8479	8486	8489	8489	8493		---636
8496	8501	8503	8504	8505	8507	8514	8517	8517	8521		---637
8524	8529	8531	8532	8533	8535	8542	8545	8545	8549		---638
8552	8557	8559	8560	8561	8563	8570	8573	8573	8577		---639
8580	8585	8587	8588	8589	8591	8598	8601	8601	8605		---640
8608	8613	8615	8616	8617	8619	8626	8629	8629	8633		---641
8636	8641	8643	8644	8645	8647	8654	8657	8657	8661		---642
8664	8669	8671	8672	8673	8675	8682	8685	8685	8689		---643
8692	8697	8699	8700	8701	8703	8710	8713	8713	8717		---644
8720	8725	8727	8728	8729	8731	8738	8741	8741	8745		---645
8748	8753	8755	8756	8757	8759	8766	8769	8769	8773		---646
8776	8781	8783	8784	8785	8787	8794	8797	8797	8801		---647
8804	8809	8811	8812	8813	8815	8822	8825	8825	8829		---648
8832	8837	8839	8840	8841	8843	8850	8853	8853	8857		---649
8860	8865	8867	8868	8869	8871	8878	8881	8881	8885		---650
8888	8893	8895	8896	8897	8899	8906	8909	8909	8913		---651
8916	8921	8923	8924	8925	8927	8934	8937	8937	8941		---652
8944	8949	8951	8952	8953	8955	8962	8965	8965	8969		---653
8972	8977	8979	8980	8981	8983	8990	8993	8993	8997		---654
9000	9005	9007	9008	9009	9011	9018	9021	9021	9025		---655
9028	9033	9035	9036	9037	9039	9046	9049	9049	9053		---656
9056	9061	9063	9064	9065	9067	9074	9077	9077	9081		---657
9084	9089	9091	9092	9093	9095	9102	9105	9105	9109		---658
9112	9117	9119	9120	9121	9123	9130	9133	9133	9137		---659
9140	9145	9147	9148	9149	9151	9158	9161	9161	9165		---660
9168	9173	9175	9176	9177	9179	9186	9189	9189	9193		---661
9196	9201	9203	9204	9205	9207	9214	9217	9217	9221		---662
9224	9229	9231	9232	9233	9235	9242	9245	9245	9249		---663
9252	9257	9259	9260	9261	9263	9270	9273	9273	9277		---664
9280	9285	9287	9288	9289	9291	9298	9301	9301	9305		---665
9308	9313	9315	9316	9317	9319	9326	9329	9329	9333		---666
9336	9341	9343	9344	9345	9347	9354	9357	9357	9361		---667
9364	9369	9371	9372	9373	9375	9382	9385	9385	9389		---668
9392	9397	9399	9400	9401	9403	9410	9413	9413	9417		---669
9420	9425	9427	9428	9429	9431	9438	9441	9441	9445		---670
9448	9453	9455	9456	9457	9459	9466	9469	9469	9473		---671
9476	9481	9483	9484	9485	9487	9494	9497	9497	9501		---672
9504	9509	9511	9512	9513	9515	9522	9525	9525	9529		---673
9532	9537	9539	9540	9541	9543	9550	9553	9553	9557		---674
9560	9565	9567	9568	9569	9571	9578	9581	9581	9585		---675
9588	9593	9595	9596	9597	9599	9606	9609	9609	9613		---676
9616	9621	9623	9624	9625	9627	9634	9637	9637	9641		---677
9644	9649	9651	9652	9653	9655	9662	9665	9665	9669		---678
9672	9677	9679	9680	9681	9683	9690	9693	9693	9697		---679
9700	9705	9707	9708	9709	9711	9718	9721	9721	9725		---680
9728	9733	9735	9736	9737	9739	9746	9749	9749	9753		---681
9756	9761	9763	9764	9765	9767	9774	9777	9777	9781		---682
9784	9789	9791	9792	9793	9795	9802	9805	9805	9809		---683
9812	9817	9819	9820	9821	9823	9830	9833	9833	9837		---684
9840	9845	9847	9848	9849	9851	9858	9861	9861	9865		---685
9868	9873	9875	9876	9877	9879	9886	9889	9889	9893		---686
9896	9901	9903	9904	9905	9907	9914	9917	9917	9921		---687
9924	9929	9931	9932	9933	9935	9942	9945	9945	9949		---688
9952	9957	9959	9960	9961	9963	9970	9973	9973	9977		---689
9980	9985	9987	9988	9989	9991	9998	10001	10001	10005		---690
10008	10013	10015	10016	10017	10019	10026	10029	10029	10033		---691
10036	10041	10043	10044	10045	10047	10054	10057	10057	10061		---692
10064	10069	10071	10072	10073	10075	10082	10085	10085	10089		---693
10092	10097	10099	10100	10101	10103	10110	10113	10113	10117		---694
10120	10125	10127	10128	10129	10131	10138	10141	10141	10145		---695
10148	10153	10155	10156	10157	10159	10166	10169	10169	10173		---696
10176	10181	10183	10184	10185	10187	10194	10197	10197	10201		---697
10204	10209	10211	10212	10213	10215	10222	10225	10225	10229		---698
10232	10237	10239	10240	10241	10243	10250	10253	10253	10257		---699
10260	10265	10267	10268	10269	10271	10278	10281	10281	10285		---700
10288	10293	10295	10296	10297	10299	10306	10309	10309	10313		---701
10316	10321	10323	10324	10325	10327	10334	10337	10337	10341		---702
10344	10349	10351	10352	10353	10355	10362	10365	10365	10369		---703
10372	10377	10379	10380	10381	10383	10390	10393	10393	10397		---704
10400	10405	10407	10408	10409	10411	10418	10421	10421	10425		---705
10428	10433	10435	10436	10437	10439	10446	10449	10449	10453		---706
10456	10461	10463	10464	10465	10467	10474	10477	10477	10481		---707
10484	10489	10491	10492	10493	10495	10502	10505	10505	10509		---708
10512	10517	10519	10520	10521	10523	10530	10533	10533	10537		---709
10540	10545	10547	10548	10549	10551	10558	10561	10561	10565		---710
10568	10573	10575	10576	10577	10579	10586	10589	10589	10593		---711
10596	10601	10603	10604	10605	10607	10614	10617	10617	10621		---712
10624	10629	10631	10632	10633	10635	10642	10645	10645	10649		---713
10652	10657	10659	10660	10661	10663	10670	10673	10673	10677		---714
10680	10685	10687	10688	10689	10691	10698	10701	10701	10705		---715
10708	10713	10715	10716	10717	10719	10726	10729	10729	10733		---716
10736	10741	10743	10744	10745	10747	10754	10757	10757	10761		---717
10764	10769	10771	10772	10773	10775	10782	10785	10785	10789		---718
10792	10797	10799	10800	10801	10803	10810	10813	10813	10817		---719
10820	10825	10827	10828	10829	10831	10838	10841	10841	10845		---720
10848	10853	10855	10856	10857	10859	10866	10869	10869	10873		---721
10876	10881	10883	10884	10885	10887	10894	10897	10897	10901		---722
10904	10909	10911	10912	10913	10915	10922	10925	10925	10929		---723
10932	10937	10939	10940	10941	10943	10950	10953	10953	10957		---724
10960	10965	10967	10968	10969	10971	10978	10981	10981	10985		---725
10988	10993	10995	10996	10997	10999	11006	11009	11009	11013		---726
11016	11021	11023	11024	11025	11027	11034	11037	11037	11041		---727
11044	11049	11051	11052	11053	11055	11062	11065	11065	11069		---728
11072	11077	11079	11080	11081	11083	11090	11093	11093	11097		---729
11100	11105	11107	11108	11109	11111	11118	11121	11121	11125		---730
11128	11133	11135	11136	11137	11139	11146	11149	11149	11153		---731
11156	11161	11163	11164	11165	11167	11174	11177	11177	11181		---732
11184	11189	11191	11192	11193	11195	11202	11205	11205	11209		---733
11212	11217	11219	11220	11221	11223	11230	11233	11233	11237		---734
11240	11245	11247	11248	11249	11251	11258	11261	11261	11265		---735
11268	11273	11275	11276	11277	11279	11286	11289	11289	11293		---736
11296	11301	11303	11304	11305	11307	11314	11317	11317	11321		---737
11324	11329	11331	11332	11333	11335	11342	11345	11345	11349		---738
11352	11357	11359	11360	11361	11363	11370	11373	11373	11377		---739
11380	11385	11387	11388	11389	11391	11398	11401	11401	11405		---740
11408	11413	11415	11416	11417	11419	11426	11429	11429	11433		---741
11436	11441	11443	11444	11445	11447	11454	11457	11457	11461		---742
11464	11469	11471	11472	11473	11475	11482	11485	11485	11489		---743
11492	11497	11499	11500	11501	11503	11510	11513	11513	11517		---744
11520	11525	11527	11528	11529	11531	11538	11541	11541	11545		---745
11548	11553	11555	11556	11557	11559	11566	11569	11569	11573		---746
11576	11581	11583	11584	11585	11587	11594	11597	11597	11601		---747
11604	11609	11611	11612	11613	11615	11622	11625	11625	11629		---748
11632	11637	11639	11640	11641	11643	11650	11653	11653	11657		---749
11660	11665	11667	11668	11669	11671	11678	11681	11681	11685		---750
11688	11693	11695	11696	11697	11699	11706	11709	11709	11713		---751
11716	11721	11723	11724	11725	11727	11734	11737	11737	11741		---752
11744	11749	11751	11752	11753	11755	11762	11765	11765	11769		---753
11772	11777	11779	11780	11781	11783	11790	11793	11793	11797		---754
11800	11805	11807	11808	11809	11811	11818	11821	11821	11825		---755
11828	11833	11835	11836	11837	11839	11846	11849	11849	11853		---756
11856	11861	11863	11864	11865	11867	11874	11877	11877	11881		---757
11884	11889	11891	11892	11893	11895	11902	11905	11905	11909		---758
11912	11917	11919	11920	11921	11923	11930	11933	11933	11937		---759
11940	11945	11947	11948	11949	11951	11958	11961	11961	11965		---760
11968	11973	11975	11976	11977	11979	11986	11989	11989	11993		---761
11996	12001	12003	12004	12005	12007	12014	12017	12017	12021		---762
12024	12029	12031	12032	12033	12035	12042	12045	12045	12049		---763
12052	12057	12059	12060	12061	12063	12070	12073	12073	12077		---764
12080	12085	12087	12088	12089	12091	12098	12101	12101	12105		---765
12108	12113	12115	12116	12117	12119	12126	12129	12129	12133		---766
12136	12141	12143	12144	12145	12147	12154	12157	12157	12161		---767
12164	12169	12171	12172	12173	12175	12182	12185	12185	12189		---768
12192	12197	12199	12200	12201	12203	12210	12213	12213	12217		---769
12220	12225	12227	12228	12229	12231	12238	12241	12241	12245		---770
12248	12253	12255	12256	12257	12259	12266	12269	12269	12273		---771
12276	12281	12283	12284	12285	12287	12294	12297	12297	12301		---772
12304	12309	12311	12312	12313	12315	12322	12325	12325	12329		---773
12332	12337	12339	12340	12341	12343	12350	12353	12353	12357		---774
12360	12365	12367	12368	12369	12371	12378	12381	12381	12385		---775
12388	12393	12395	12396	12397	12399	12406	12409	12409	12413		---776
12416	12421	12423	12424	12425	12427	12434	12437	12437	12441		---777
12444	12449	12451	12452	12453	12455	12462	12465	12465	12469		---778
12472	12477	12479	12480	12481	12483	12490	12493	12493	12497		---779
12500	12505	12507	12508	12509	12511	12518	12521	12521	12525		---780
12528	12533	12535	12536	12537	12539	12546	12549	12549	12553		---781
12556	12561	12563	12564	12565	12567	12574	12577	12577	12581		---782
12584	12589	12591	12592	12593	12595	12602	12605	12605	12609		---783
12612	12617	12619	12620	12621	12623	12630	12633	12633	12637		---784
12640	12645	12647	12648	12649	12651	12658	12661	12661	12665		---785
12668	12673	12675	12676	12677	12679	12686	12689	12689	12693		---786
12696	12701	12703	12704	12705	12707	12714	12717	12717	12721		---787
12724	12729	12731	12732	12733	12735	12742	12745	12745	12749		---788
12752	12757	12759	12760	12761	12763	12770	12773	12773	12777		---789
12780	12785	12787	12788	12789	12791	12798	12801	12801	12805		---790
12808	12813	12815	12816	12817	12819	12826	12829	12829	12833		---791
12836	12841	12843	12844	12845	12847	12854	12857	12857	12861		---792
12864	12869	12871	12872	12873	12875	12882	12885	12885	12889		---793
12892	12897	12899	12900	12901	12903	12910	12913	12913	12917		---794
12920	12925	12927	12928	12929	12931	12938	12941	12941	12945		---795
12948	12953	12955	12956	12957	12959	12966	12969	12969	12973		---796
12976	12981	12983	12984	12985	12987	12994	12997	12997	13001		---797
13004	13009	13011	13012	13013	13015	13022	13025	13025	13029		---798
13032	13037	13039	13040	13041	13043	13050	13053	13053	13057		---799
13060	13065	13067	13068	13069	13071	13078	13081	13081	13085		---800
13088	13093	13095	13096	13097	13099	13106	13109	13109	13113		---801
13116	13121	13123	13124	13125	13127	13134	13137	13137	13141		---802
13144	13149	13151	13152	13153	13155	13162	13165	13165	13169		---803
13172	13177	13179	13180	13181	13183	13190	13193	13193	13197		---804
13200	13205	13207	13208	13209	13211	13218	13221	13221	13225		---805
13228	13233	13235	13236	13237	13239	13246	13249	13249	13253		---806
13256	13261	13263	13264	13265	13267	13274	13277	13277	13281		---807
13284	13289	13291	13292	13293	13295	13302	13305	13305	13309		---808
13312	13317	13319	13320	13321	13323	13330	13333	13333	13337		---809
13340	13345	13347	13348	13349	13351	13358	13361	13361	13365		---810
13368	13373	13375	13376	13377	13379	13386	13389	13389	13393		---811
13396	13401	13403	13404	13405	13407	13414	13417	13417	13421		---812
13424	13429	13431	13432	13433	13435	13442	13445	13445	13449		---813
13452	13457	13459	13460	13461	13463	13470	13473	13473	13477		---814
13480	13485	13487	13488	13489	13491	13498	13501	13501	13505		---815
13508	13513	13515	13516	13517	13519	13526	13529	13529	13533		---816
13536	13541	13543	13544	13545	13547	13554	13557	13557	13561		---817
13564	13569	13571	13572	13573	13575	13582	13585	13585	13589		---818
13592	13597	13599	13600	13601	13603	13610	13613	13613	13617		---819
13620	13625	13627	13628	13629	13631	13638	13641	13641	13645		---820
13648	13653	13655	13656	13657	13659	13666	13669	13669	13673		---821
13676	13681	13683	13684	13685	13687	13694	13697	13697	13701		---822
13704	13709	13711	13712	13713	13715	13722	13725	13725	13729		---823
13732	13737	13739	13740	13741	13743	13750	13753	13753	13757		---824
13760	13765	13767	13768	13769	13771	13778	13781	13781	13785		---825
13788	13793	13795	13796	13797	13799	13806	13809	13809	13813		---826
13816	13821	13823	13824	13825	13827	13834	13837	13837	13841		---827
13844	13849	13851	13852	13853	13855	13862	13865	13865	13869		---828
13872	13877	13879	13880	13881	13883	13890	13893	13893	13897		---829
13900	13905	13907	13908	13909	13911	13918	13921	13921	13925		---830
13928	13933	13935	13936	13937	13939	13946	13949	13949	13953		---831
13956	13961	13963	13964	13965	13967	13974	13977	13977	13981		---832
13984	13989	13991	13992	13993	13995	14002	14005	14005	14009		---833
14012	14017	14019	14020	14021	14023	14030	14033	14033	14037		---834
14040	14045	14047	14048	14049	14051	14058	14061	14061	14065		---835
14068	14073	14075	14076	14077	14079	14086	14089	14089	14093		---836
14096	14101	14103	14104	14105	14107	14114	14117	14117	14121		---837
14124	14129	14131	14132	14133	14135	14142	14145	14145	14149		---838
14152	14157	14159	14160	14161	14163	14170	14173	14173	14177		---839
14180	14185	14187	14188	14189	14191	14198	14201	14201	14205		---840
14208	14213	14215	14216	14217	14219	14226	14229	14229	14233		---841
14236	14241	14243	14244	14245	14247	14254	14257	14257	14261		---842
14264	14269	14271	14272	14273	14275	14282	14285	14285	14289		---843
14292	14297	14299	14300	14301	14303	14310	14313	14313	14317		---844
14320	14325	14327	14328	14329	14331	14338	14341	14341	14345		---845
14348	14353	14355	14356	14357	14359	14366	14369	14369	14373		---846
14376	14381	14383	14384	14385	14387	14394	14397	14397	14401		---847
14404	14409	14411	14412	14413	14415	14422	14425	14425	14429		---848
14432	14437	14439	14440	14441	14443	14450	14453	14453	14457		---849
14460	14465	14467	14468	14469	14471	14478	14481	14481	14485		---850
14488	14493	14495	14496	14497	14499	14506	14509	14509	14513		---851
14516	14521	14523	14524	14525	14527	14534	14537	14537	14541		---852
14544	14549	14551	14552	14553	14555	14562	14565	14565	14569		---853
14572	14577	14579	14580	14581	14583	14590	14593	14593	14597		---854
14600	14605	14607	14608	14609	14611	14618	14621	14621	14625		---855
14628	14633	14635	14636	14637	14639	14646	14649	14649	14653		---856
14656	14661	14663	14664	14665	14667	14674	14677	14677	14681		---857
14684	14689	14691	14692	14693	14695	14702	14705	14705	14709		---858
14712	14717	14719	14720	14721	14723	14730	14733	14733	14737		---859
14740	14745	14747	14748	14749	14751	14758	14761	14761	14765		---860
14768	14773	14775	14776	14777	14779	14786	14789	14789	14793		---861
14796	14801	14803	14804	14805	14807	14814	14817	14817	14821		---862
14824	14829	14831	14832	14833	14835	14842	14845	14845	14849		---863
14852	14857	14859	14860	14861	14863	14870	14873	14873	14877		---864
14880	14885	14887	14888	14889	14891	14898	14901	14901	14905		---865
14908	14913	14915	14916	14917	14919	14926	14929	14929	14933		---866
14936	14941	14943	14944	14945	14947	14954	14957	14957	14961		---867
14964	14969	14971	14972	14973	14975	14982	14985	14985	14989		---868
14992	14997	14999	15000	15001	15003	15010	15013	15013	15017		---869
15020	15025	15027	15028	15029	15031	15038	15041	15041	15045		---870
15048	15053	15055	15056	15057	15059	15066	15069	15069	15073		---871
15076	15081	15083	15084	15085	15087	15094	15097	15097	15101		---872
15104	15109	15111	15112	15113	15115	15122	15125	15125	15129		---873
15132	15137	15139	15140	15141	15143	15150	15153	15153	15157		---874
15160	15165	15167	15168	15169	15171	15178	15181	15181	15185		---875
15188	15193	15195	15196	15197	15199	15206	15209	15209	15213		---876
15216	15221	15223	15224	15225	15227	15234	15237	15237	15241		---877
15244	15249	15251	15252	15253	15255	15262	15265	15265	15269		---878
15272	15277	15279	15280	15281	15283	15290	15293	15293	15297		---879
15300	15305	15307	15308	15309	15311	15318	15321	15321	15325		---880
15328	15333	15335	15336	15337	15339	15346	15349	15349	15353		---881
15356	15361	15363	15364	15365	15367	15374	15377	15377	15381		---882
15384	15389	15391	15392	15393	15395	15402	15405	15405	15409		---883
15412	15417	15419	15420	15421	15423	15430	15433	15433	15437		---884
15440	15445	15447	15448	15449	15451	15458	15461	15461	15465		---885
15468	15473	15475	15476	15477	15479	15486	15489	15489	15493		---886
15496	15501	15503	15504	15505	15507	15514	15517	15517	15521		---887
15524	15529	15531	15532	15533	15535	15542	15545	15545	15549		---888
15552	15557	15559	15560	15561	15563	15570	15573	15573	15577		---889
15580	15585	15587	15588	15589	15591	15598	15601	15601	15605		---890
15608	15613	15615	15616	15617	15619	15626	15629	15629	15633		---891
15636	15641	15643	15644	15645	15647	15654	15657	15657	15661		---892
15664	15669	15671	15672	15673	15675	15682	15685	15685	15689		---893
15692	15697	15699	15700	15701	15703	15710	15713	15713	15717		---894
15720	15725	15727	15728	15729	15731	15738	15741	15741	15745		---895
15748	15753	15755	15756	15757	15759	15766	15769	15769	15773		---896
15776	15781	15783	15784	15785	15787	15794	15797	15797	15801		---897
15804	15809	15811	15812	15813	15815	15822	15825	15825	15829		---898
15832	15837	15839	15840	15841	15843	15850	15853	15853	15857		---899
15860	15865	15867	15868	15869	15871	15878	15881	15881	15885		---900
15888	15893	15895	15896	15897	15899	15906	15909	15909	15913		---901
15916	15921	15923	15924	15925	15927	15934	15937	15937	15941		---902
15944	15949	15951	15952	15953	15955	15962	15965	15965	15969		---903
15972	15977	15979	15980	15981	15983	15990	15993	15993	15997		---904
16000	16005	16007	16008	16009	16011	16018	16021	16021	16025		---905
16028	16033	16035	16036	16037	16039	16046	16049	16049	16053		---906
16056	16061	16063	16064	16065	16067	16074	16077	16077	16081		---907
16084	16089	16091	16092	16093	16095	16102	16105	16105	16109		---908
16112	16117	16119	16120	16121	16123	16130	16133	16133	16137		---909
16140	16145	16147	16148	16149	16151	16158	16161	16161	16165		---910
16168	16173	16175	16176	16177	16179	16186	16189	16189	16193		---911
16196	16201	16203	16204	16205	16207	16214	16217	16217	16221		---912
16224	16229	16231	16232	16233	16235	16242	16245	16245	16249		---913
16252	16257	16259	16260	16261	16263	16270	16273	16273	16277		---914
16280	16285	16287	16288	16289	16291	16298	16301	16301	16305		---915
16308	16313	16315	16316	16317	16319	16326	16329	16329	16333		---916
16336	16341	16343	16344	16345	16347	16354	16357	16357	16361		---917
16364	16369	16371	16372	16373	16375	16382	16385	16385	16389		---918
16392	16397	16399	16400	16401	16403	16410	16413	16413	16417		---919
16420	16425	16427	16428	16429	16431	16438	16441	16441	16445		---920
16448	16453	16455	16456	16457	16459	16466	16469	16469	16473		---921
16476	16481	16483	16484	16485	16487	16494	16497	16497	16501		---922
16504	16509	16511	16512	16513	16515	16522	16525	16525	16529		---923
16532	16537	16539	16540	16541	16543	16550	16553	16553	16557		---924
16560	16565	16567	16568	16569	16571	16578	16581	16581	16585		---925
16588	16593	16595	16596	16597	16599	16606	16609	16609	16613		---926
16616	16621	16623	16624	16625	16627	16634	16637	16637	16641		---927
16644	16649	16651	16652	16653	16655	16662	16665	16665	16669		---928
16672	16677	16679	16680	16681	16683	16690	16693	16693	16697		---929
16700	16705	16707	16708	16709	16711	16718	16721	16721	16725		---930
16728	16733	16735	16736	16737	16739	16746	16749	16749	16753		---931
16756	16761	16763	16764	16765	16767	16774	16777	16777	16781		---932
16784	16789	16791	16792	16793	16795	16802	16805	16805	16809		---933
16812	16817	16819	16820	16821	16823	16830	16833	16833	16837		---934
16840	16845	16847	16848	16849	16851	16858	16861	16861	16865		---935
16868	16873	16875	16876	16877	16879	16886	16889	16889	16893		---936
16896	16901	16903	16904	16905	16907	16914	16917	16917	16921		---937
16924	16929	16931	16932	16933	16935	16942	16945	16945	16949		---938
16952	16957	16959	16960	16961	16963	16970	16973	16973	16977		---939
16980	16985	16987	16988	16989	16991	16998	17001	17001	17005		---940
17008	17013	17015	17016	17017	17019	17026	17029	17029	17033		---941
17036	17041	17043	17044	17045	17047	17054	17057	17057	17061		---942
17064	17069	17071	17072	17073	17075	17082	17085	17085	17089		---943
17092	17097	17099	17100	17101	17103	17110	17113	17113	17117		---944
17120	17125	17127	17128	17129	17131	17138	17141	17141	17145		---945
17148	17153	17155	17156	17157	17159	17166	17169	17169	17173		---946
17176	17181	17183	17184	17185	17187	17194	17197	17197	17201		---947
17204	17209	17211	17212	17213	17215	17222	17225	17225	17229		---948
17232	17237	17239	17240	17241	17243	17250	17253	17253	17257		---949
17260	17265	17267	17268	17269	17271	17278	17281	17281	17285		---950
17288	17293	17295	17296	17297	17299	17306	17309	17309	17313		---951
17316	17321	17323	17324	17325	17327	17334	17337	17337	17341		---952
17344	17349	17351	17352	17353	17355	17362	17365	17365	17369		---953
17372	17377	17379	17380	17381	17383	17390	17393	17393	17397		---954
17400	17405	17407	17408	17409	17411	17418	17421	17421	17425		---955
17428	17433	17435	17436	17437	17439	17446	17449	17449	17453		---956
17456	17461	17463	17464	17465	17467	17474	17477	17477	17481		---957
17484	17489	17491	17492	17493	17495	17502	17505	17505	17509		---958
17512	17517	17519	17520	17521	17523	17530	17533	17533	17537		---959
17540	17545	17547	17548	17549	17551	17558	17561	17561	17565		---960
17568	17573	17575	17576	17577	17579	17586	17589	17589	17593		---961
17596	17601	17603	17604	17605	17607	17614	17617	17617	17621		---962
17624	17629	17631	17632	17633	17635	17642	17645	17645	17649		---963
17652	17657	17659	17660	17661	17663	17670	17673	17673	17677		---964
17680	17685	17687	17688	17689	17691	17698	17701	17701	17705		---965
17708	17713	17715	17716	17717	17719	17726	17729	17729	17733		---966
17736	17741	17743	17744	17745	17747	17754	17757	17757	17761		---967
17764	17769	17771	17772	17773	17775	17782	17785	17785	17789		---968
17792	17797	17799	17800	17801	17803	17810	17813	17813	17817		---969
17820	17825	17827	17828	17829	17831	17838	17841	17841	17845		---970
17848	17853	17855	17856	17857	17859	17866	17869	17869	17873		---971
17876	17881	17883	17884	17885	17887	17894	17897	17897	17901		---972
17904	17909	17911	17912	17913	17915	17922	17925	17925	17929		---973
17932	17937	17939	17940	17941	17943	17950	17953	17953	17957		---974
17960	17965	17967	17968	17969	17971	17978	17981	17981	17985		---975
17988	17993	17995	17996	17997	17999	18006	18009	18009	18013		---976
18016	18021	18023	18024	18025	18027	18034	18037	18037	18041		---977
18044	18049	18051	18052	18053	18055	18062	18065	18065	18069		---978
18072	18077	18079	18080	18081	18083	18090	18093	18093	18097		---979
18100	18105	18107	18108	18109	18111	18118	18121	18121	18125		---980
18128	18133	18135	18136	18137	18139	18146	18149	18149	18153		---981
18156	18161	18163	18164	18165	18167	18174	18177	18177	18181		---982
18184	18189	18191	18192	18193	18195	18202	18205	18205	18209		---983
18212	18217	18219	18220	18221	18223	18230	18233	18233	18237		---984
18240	18245	18247	18248	18249	18251	18258	18261	18261	18265		---985
18268	18273	18275	18276	18277	18279	18286	18289	18289	18293		---986
18296	18301	18303	18304	18305	18307	18314	18317	18317	18321		---987
18324	18329	18331	18332	18333	18335	18342	18345	18345	18349		---988
18352	18357	18359	18360	18361	18363	18370	18373	18373	18377		---989
18380	18385	18387	18388	18389	18391	18398	18401	18401	18405		---990
18408	18413	18415	18416	18417	18419	18426	18429	18429	18433		---991
18436	18441	18443	18444	18445	18447	18454	18457	18457	18461		---992
18464	18469	18471	18472	18473	18475	18482	18485	18485	18489		---993
18492	18497	18499	18500	18501	18503	18510	18513	18513	18517		---994
18520	18525	18527	18528	18529	18531	18538	18541	18541	18545		---995
18548	18553	18555	18556	18557	18559	18566	18569	18569	18573		---996
18576	18581	18583	18584	18585	18587	18594	18597	18597	18601		---997
18604	18609	18611	18612	18613	18615	18622	18625	18625	18629		---998
18632	18637	18639	18640	18641	18643	18650	18653	18653	18657		---999
18660	18665	18667	18668	18669	18671	18678	18681	18681	18685		---1000
18688	18693	18695	18696	18697	18699	18706	18709	18709	18713		---1001
18716	18721	18723	18724	18725	18727	18734	18737	18737	18741		---1002
18744	18749	18751	18752	18753	18755	18762	18765	18765	18769		---1003
18772	18777	18779	18780	18781	18783	18790	18793	18793	18797		---1004
18800	18805	18807	18808	18809	18811	18818	18821	18821	18825		---1005
18828	18833	18835	18836	18837	18839	18846	18849	18849	18853		---1006
18856	18861	18863	18864	18865	18867	18874	18877	18877	18881		---1007
18884	18889	18891	18892	18893	18895	18902	18905	18905	18909		---1008
18912	18917	18919	18920	18921	18923	18930	18933	18933	18937		---1009
18940	18945	18947	18948	18949	18951	18958	18961	18961	18965		---1010
18968	18973	18975	18976	18977	18979	18986	18989	18989	18993		---1011
18996	19001	19003	19004	19005	19007	19014	19017	19017	19021		---1012
19024	19029	19031	19032	19033	19035	19042	19045	19045	19049		---1013
19052	19057	19059	19060	19061	19063	19070	19073	19073	19077		---1014
19080	19085	19087	19088	19089	19091	19098	19101	19101	19105		---1015
19108	19113	19115	19116	19117	19119	19126	19129	19129	19133		---1016
19136	19141	19143	19144	19145	19147	19154	19157	19157	19161		---1017
19164	19169	19171	19172	19173	19175	19182	19185	19185	19189		---1018
19192	19197	19199	19200	19201	19203	19210	19213	19213	19217		---1019
19220	19225	19227	19228	19229	19231	19238	19241	19241	19245		---1020
19248	19253	19255	19256	19257	19259	19266	19269	19269	19273		---1021
19276	19281	19283	19284	19285	19287	19294	19297	19297	19301		---1022
19304	19309	19311	19312	19313	19315	19322	19325	19325	19329		---1023
19332	19337	19339	19340	19341	19343	19350	19353	19353	19357		---1024
19360	19365	19367	19368	19369	19371	19378	19381	19381	19385		---1025
19388	19393	19395	19396	19397	19399	19406	19409	19409	19413		---1026
19416	19421	19423	19424	19425	19427	19434	19437	19437	19441		---1027
19444	19449	19451	19452	19453	19455	19462	19465	19465	19469		---1028
19472	19477	19479	19480	19481	19483	19490	19493	19493	19497		---1029
19500	19505	19507	19508	19509	19511	19518	19521	19521	19525		---1030
19528	19533	19535	19536	19537	19539	19546	19549	19549	19553		---1031
19556	19561	19563	19564	19565	19567	19574	19577	19577	19581		---1032
19584	19589	19591	19592	19593	19595	19602	19605	19605	19609		---1033
19612	19617	19619	19620	19621	19623	19630	19633	19633	19637		---1034
19640	19645	19647	19648	19649	19651	19658	19661	19661	19665		---1035
19668	19673	19675	19676	19677	19679	19686	19689	19689	19693		---1036
19696	19701	19703	19704	19705	19707	19714	19717	19717	19721		---1037
19724	19729	19731	19732	19733	19735	19742	19745	19745	19749		---1038
19752	19757	19759	19760	19761	19763	19770	19773	19773	19777		---1039
19780	19785	19787	19788	19789	19791	19798	19801	19801	19805		---1040
19808	19813	19815	19816	19817	19819	19826	19829	19829	19833		---1041
19836	19841	19843	19844	19845	19847	19854	19857	19857	19861		---1042
19864	19869	19871	19872	19873	19875	19882	19885	19885	19889		---1043
19892	19897	19899	19900	19901	19903	19910	19913	19913	19917		---1044
19920	19925	19927	19928	19929	19931	19938	19941	19941	19945		---1045
19948	19953	19955	19956	19957	19959	19966	19969	19969	19973		---1046
19976	19981	19983	19984	19985	19987	19994	19997	19997	20001		---1047
20004	20009	20011	20012	20013	20015	20022	20025	20025	20029		---1048
20032	20037	20039	20040	20041	20043	20050	20053	20053	20057		---1049
20060	20065	20067	20068	20069	20071	20078	20081	20081	20085		---1050
20088	20093	20095	20096	20097	20099	20106	20109	20109	20113		---1051
20116	20121	20123	20124	20125	20127	20134	20137	20137	20141		---1052
20144	20149	20151	20152	20153	20155	20162	20165	20165	20169		---1053
20172	20177	20179	20180	20181	20183	20190	20193	20193	20197		---1054
20200	20205	20207	20208	20209	20211	20218	20221	20221	20225		---1055
20228	20233	20235	20236	20237	20239	20246	20249	20249	20253		---1056
20256	20261	20263	20264	20265	20267	20274	20277	20277	20281		---1057
20284	20289	20291	20292	20293	20295	20302	20305	20305	20309		---1058
20312	20317	20319	20320	20321	20323	20330	20333	20333	20337		---1059
20340	20345	20347	20348	20349	20351	20358	20361	20361	20365		---1060
20368	20373	20375	20376	20377	20379	20386	20389	20389	20393		---1061
20396	20401	20403	20404	20405	20407	20414	20417	20417	20421		---1062
20424	20429	20431	20432	20433	20435	20442	20445	20445	20449		---1063
20452	20457	20459	20460	20461	20463	20470	20473	20473	20477		---1064
20480	20485	20487	20488	20489	20491	20498	20501	20501	20505		---1065
20508	20513	20515	20516	20517	20519	20526	20529	20529	20533		---1066
20536	20541	20543	20544	20545	20547	20554	20557	20557	20561		---1067
20564	20569	20571	20572	20573	20575	20582	20585	20585	20589		---1068
20592	20597	20599	20600	20601	20603	20610	20613	20613	20617		---1069
20620	20625	20627	20628	20629	20631	20638	20641	20641	20645		---1070
20648	20653	20655	20656	20657	20659	20666	20669	20669	20673		---1071
20676	20681	20683	20684	20685	20687	20694	20697	20697	20701		---1072
20704	20709	20711	20712	20713	20715	20722	20725	20725	20729		---1073
20732	20737	20739	20740	20741	20743	20750	20753	20753	20757		---1074
20760	20765	20767	20768	20769	20771	20778	20781	20781	20785		---1075
20788	20793	20795	20796	20797	20799	20806	20809	20809	20813		---1076
20816	20821	20823	20824	20825	20827	20834	20837	20837	20841		---1077
20844	20849	20851	20852	20853	20855	20862	20865	20865	20869		---1078
20872	20877	20879	20880	20881	20883	20890	20893	20893	20897		---1079
20900	20905	20907	20908	20909	20911	20918	20921	20921	20925		---1080
20928	20933	20935	20936	20937	20939	20946	20949	20949	20953		---1081
20956	20961	20963	20964	20965	20967	20974	20977	20977	20981		---1082
20984	20989	20991	20992	20993	20995	21002	21005	21005	21009		---1083
21012	21017	21019	21020	21021	21023	21030	21033	21033	21037		---1084
21040	21045	21047	21048	21049	21051	21058	21061	21061	21065		---1085
21068	21073	21075	21076	21077	21079	21086	21089	21089	21093		---1086
21096	21101	21103	21104	21105	21107	21114	21117	21117	21121		---1087
21124	21129	21131	21132	21133	21135	21142	21145	21145	21149		---1088
21152	21157	21159	21160	21161	21163	21170	21173	21173	21177		---1089
21180	21185	21187	21188	21189	21191	21198	21201	21201	21205		---1090
21208	21213	21215	21216	21217	21219	21226	21229	21229	21233		---1091
21236	21241	21243	21244	21245	21247	21254	21257	21257	21261		---1092
21264	21269	21271	21272	21273	21275	21282	21285	21285	21289		---1093
21292	21297	21299	21300	21301	21303	21310	21313	21313	21317		---1094
21320	21325	21327	21328	21329	21331	21338	21341	21341	21345		---1095
21348	21353	21355	21356	21357	21359	21366	21369	21369	21373		---1096
21376	21381	21383	21384	21385	21387	21394	21397	21397	21401		---1097
21404	21409	21411	21412	21413	21415	21422	21425	21425	21429		---1098
21432	21437	21439	21440	21441	21443	21450	21453	21453	21457		---1099
21460	21465	21467	21468	21469	21471	21478	21481	21481	21485		---1100
21488	21493	21495	21496	21497	21499	21506	21509	21509	21513		---1101
21516	21521	21523	21524	21525	21527	21534	21537	21537	21541		---1102
21544	21549	21551	21552	21553	21555	21562	21565	21565	21569		---1103
21572	21577	21579	21580	21581	21583	21590	21593	21593	21597		---1104
21600	21605	21607	21608	21609	21611	21618	21621	21621	21625		---1105
21628	21633	21635	21636	21637	21639	21646	21649	21649	21653		---1106
21656	21661	21663	21664	21665	21667	21674	21677	21677	21681		---1107
21684	21689	21691	21692	21693	21695	21702	21705	21705	21709		---1108
21712	21717	21719	21720	21721	21723	21730	21733	21733	21737		---1109
21740	21745	21747	21748	21749	21751	21758	21761	21761	21765		---1110
21768	21773	21775	21776	21777	21779	21786	21789	21789	21793		---1111
21796	21801	21803	21804	21805	21807	21814	21817	21817	21821		---1112
21824	21829	21831	21832	21833	21835	21842	21845	21845	21849		---1113
21852	21857	21859	21860	21861	21863	21870	21873	21873	21877		---1114
21880	21885	21887	21888	21889	21891	21898	21901	21901	21905		---1115
21908	21913	21915	21916	21917	21919	21926	21929	21929	21933		---1116
21936	21941	21943	21944	21945	21947	21954	21957	21957	21961		---1117
21964	21969	21971	21972	21973	21975	21982	21985	21985	21989		---1118
21992	21997	21999	22000	22001	22003	22010	22013	22013	22017		---1119
22020	22025	22027	22028	22029	22031	22038	22041	22041	22045		---1120
22048	22053	22055	22056	22057	22059	22066	22069	22069	22073		---1121
22076	22081	22083	22084	22085	22087	22094	22097	22097	22101		---1122
22104	22109	22111	22112	22113	22115	22122	22125	22125	22129		---1123
22132	22137	22139	22140	22141	22143	22150	22153	22153	22157		---1124
22160	22165	22167	22168	22169	22171	22178	22181	22181	22185		---1125
22188	22193	22195	22196	22197	22199	22206	22209	22209	22213		---1126
22216	22221	22223	22224	22225	22227	22234	22237	22237	22241		---1127
22244	22249	22251	22252	22253	22255	22262	22265	22265	22269		---1128
22272	22277	22279	22280	22281	22283	22290	22293	22293	22297		---1129
22300	22305	22307	22308	22309	22311	22318	22321	22321	22325		---1130
22328	22333	22335	22336	22337	22339	22346	22349	22349	22353		---1131
22356	22361	22363	22364	22365	22367	22374	22377	22377	22381		---1132
22384	22389	22391	22392	22393	22395	22402	22405	22405	22409		---1133
22412	22417	22419	22420	22421	22423	22430	22433	22433	22437		---1134
22440	22445	22447	22448	22449	22451	22458	22461	22461	22465		---1135
22468	22473	22475	22476	22477	22479	22486	22489	22489	22493		---1136
22496	22501	22503	22504	22505	22507	22514	22517	22517	22521		---1137
22524	22529	22531	22532	22533	22535	22542	22545	22545	22549		---1138
22552	22557	22559	22560	22561	22563	22570	22573	22573	22577		---1139
22580	22585	22587	22588	22589	22591	22598	22601	22601	22605		---1140
22608	22613	22615	22616	22617	22619	22626	22629	22629	22633		---1141
22636	22641	22643	22644	22645	22647	22654	22657	22657	22661		---1142
22664	22669	22671	22672	22673	22675	22682	22685	22685	22689		---1143
22692	22697	22699	22700	22701	22703	22710	22713	22713	22717		---1144
22720	22725	22727	22728	22729	22731	22738	22741	22741	22745		---1145
22748	22753	22755	22756	22757	22759	22766	22769	22769	22773		---1146
22776	22781	22783	22784	22785	22787	22794	22797	22797	22801		---1147
22804	22809	22811	22812	22813	22815	22822	22825	22825	22829		---1148
22832	22837	22839	22840	22841	22843	22850	22853	22853	22857		---1149
22860	22865	22867	22868	22869	22871	22878	22881	22881	22885		---1150
22888	22893	22895	22896	22897	22899	22906	22909	22909	22913		---1151
22916	22921	22923	22924	22925	22927	22934	22937	22937	22941		---1152
22944	22949	22951	22952	22953	22955	22962	22965	22965	22969		---1153
22972	22977	22979	22980	22981	22983	22990	22993	22993	22997		---1154
23000	23005	23007	23008	23009	23011	23018	23021	23021	23025		---1155
23028	23033	23035	23036	23037	23039	23046	23049	23049	23053		---1156
23056	23061	23063	23064	23065	23067	23074	23077	23077	23081		---1157
23084	23089	23091	23092	23093	23095	23102	23105	23105	23109		---1158
23112	23117	23119	23120	23121	23123	23130	23133	23133	23137		---1159
23140	23145	23147	23148	23149	23151	23158	23161	23161	23165		---1160
23168	23173	23175	23176	23177	23179	23186	23189	23189	23193		---1161
23196	23201	23203	23204	23205	23207	23214	23217	23217	23221		---1162
23224	23229	23231	23232	23233	23235	23242	23245	23245	23249		---1163
23252	23257	23259	23260	23261	23263	23270	23273	23273	23277		---1164
23280	23285	23287	23288	23289	23291	23298	23301	23301	23305		---1165
23308	23313	23315	23316	23317	23319	23326	23329	23329	23333		---1166
23336	23341	23343	23344	23345	23347	23354	23357	23357	23361		---1167
23364	23369	23371	23372	23373	23375	23382	23385	23385	23389		---1168
23392	23397	23399	23400	23401	23403	23410	23413	23413	23417		---1169
23420	23425	23427	23428	23429	23431	23438	23441	23441	23445		---1170
23448	23453	23455	23456	23457	23459	23466	23469	23469	23473		---1171
23476	23481	23483	23484	23485	23487	23494	23497	23497	23501		---1172
23504	23509	23511	23512	23513	23515	23522	23525	23525	23529		---1173
23532	23537	23539	23540	23541	23543	23550	23553	23553	23557		---1174
23560	23565	23567	23568	23569	23571	23578	23581	23581	23585		---1175
23588	23593	23595	23596	23597	23599	23606	23609	23609	23613		---1176
23616	23621	23623	23624	23625	23627	23634	23637	23637	23641		---1177
23644	23649	23651	23652	23653	23655	23662	23665	23665	23669		---1178
23672	23677	23679	23680	23681	23683	23690	23693	23693	23697		---1179
23700	23705	23707	23708	23709	23711	23718	23721	23721	23725		---1180
23728	23733	23735	23736	23737	23739	23746	23749	23749	23753		---1181
23756	23761	23763	23764	23765	23767	23774	23777	23777	23781		---1182
23784	23789	23791	23792	23793	23795	23802	23805	23805	23809		---1183
23812	23817	23819	23820	23821	23823	23830	23833	23833	23837		---1184
23840	23845	23847	23848	23849	23851	23858	23861	23861	23865		---1185
23868	23873	23875	23876	23877	23879	23886	23889	23889	23893		---1186
23896	23901	23903	23904	23905	23907	23914	23917	23917	23921		---1187
23924	23929	23931	23932	23933	23935	23942	23945	23945	23949		---1188
23952	23957	23959	23960	23961	23963	23970	23973	23973	23977		---1189
23980	23985	23987	23988	23989	23991	23998	24001	24001	24005		---1190
24008	24013	24015	24016	24017	24019	24026	24029	24029	24033		---1191
24036	24041	24043	24044	24045	24047	24054	24057	24057	24061		---1192
24064	24069	24071	24072	24073	24075	24082	24085	24085	24089		---1193
24092	24097	24099	24100	24101	24103	24110	24113	24113	24117		---1194
24120	24125	24127	24128	24129	24131	24138	24141	24141	24145		---1195
24148	24153	24155	24156	24157	24159	24166	24169	24169	24173		---1196
24176	24181	24183	24184	24185	24187	24194	24197	24197	24201		---1197
24204	24209	24211	24212	24213	24215	24222	24225	24225	24229		---1198
24232	24237	24239	24240	24241	24243	24250	24253	24253	24257		---1199
24260	24265	24267	24268	24269	24271	24278	24281	24281	24285		---1200
24288	24293	24295	24296	24297	24299	24306	24309	24309	24313		---1201
24316	24321	24323	24324	24325	24327	24334	24337	24337	24341		---1202
24344	24349	24351	24352	24353	24355	24362	24365	24365	24369		---1203
24372	24377	24379	24380	24381	24383	24390	24393	24393	24397		---1204
24400	24405	24407	24408	24409	24411	24418	24421	24421	24425		---1205
24428	24433	24435	24436	24437	24439	24446	24449	24449	24453		---1206
24456	24461	24463	24464	24465	24467	24474	24477	24477	24481		---1207
24484	24489	24491	24492	24493	24495	24502	24505	24505	24509		---1208
24512	24517	24519	24520	24521	24523	24530	24533	24533	24537		---1209
24540	24545	24547	24548	24549	24551	24558	24561	24561	24565		---1210
24568	24573	24575	24576	24577	24579	24586	24589	24589	24593		---1211
24596	24601	24603	24604	24605	24607	24614	24617	24617	24621		---1212
24624	24629	24631	24632	24633	24635	24642	24645	24645	24649		---1213
24652	24657	24659	24660	24661	24663	24670	24673	24673	24677		---1214
24680	24685	24687	24688	24689	24691	24698	24701	24701	24705		---1215
24708	24713	24715	24716	24717	24719	24726	24729	24729	24733		---1216
24736	24741	24743	24744	24745	24747	24754	24757	24757	24761		---1217
24764	24769	24771	24772	24773	24775	24782	24785	24785	24789		---1218
24792	24797	24799	24800	24801	24803	24810	24813	24813	24817		---1219
24820	24825	24827	24828	24829	24831	24838	24841	24841	24845		---1220
24848	24853	24855	24856	24857	24859	24866	24869	24869	24873		---1221
24876	24881	24883	24884	24885	24887	24894	24897	24897	24901		---1222
24904	24909	24911	24912	24913	24915	24922	24925	24925	24929		---1223
24932	24937	24939	24940	24941	24943	24950	24953	24953	24957		---1224
24960	24965	24967	24968	24969	24971	24978	24981	24981	24985		---1225
24988	24993	24995	24996	24997	24999	25006	25009	25009	25013		---1226
25016	25021	25023	25024	25025	25027	25034	25037	25037	25041		---1227
25044	25049	25051	25052	25053	25055	25062	25065	25065	25069		---1228
25072	25077	25079	25080	25081	25083	25090	25093	25093	25097		---1229
25100	25105	25107	25108	25109	25111	25118	25121	25121	25125		---1230
25128	25133	25135	25136	25137	25139	25146	25149	25149	25153		---1231
25156	25161	25163	25164	25165	25167	25174	25177	25177	25181		---1232
25184	25189	25191	25192	25193	25195	25202	25205	25205	25209		---1233
25212	25217	25219	25220	25221	25223	25230	25233	25233	25237		---1234
25240	25245	25247	25248	25249	25251	25258	25261	25261	25265		---1235
25268	25273	25275	25276	25277	25279	25286	25289	25289	25293		---1236
25296	25301	25303	25304	25305	25307	25314	25317	25317	25321		---1237
25324	25329	25331	25332	25333	25335	25342	25345	25345	25349		---1238
25352	25357	25359	25360	25361	25363	25370	25373	25373	25377		---1239
25380	25385	25387	25388	25389	25391	25398	25401	25401	25405		---1240
25408	25413	25415	25416	25417	25419	25426	25429	25429	25433		---1241
25436	25441	25443	25444	25445	25447	25454	25457	25457	25461		---1242
25464	25469	25471	25472	25473	25475	25482	25485	25485	25489		---1243
25492	25497	25499	25500	25501	25503	25510	25513	25513	25517		---1244
25520	25525	25527	25528	25529	25531	25538	25541	25541	25545		---1245
25548	25553	25555	25556	25557	25559	25566	25569	25569	25573		---1246
25576	25581	25583	25584	25585	25587	25594	25597	25597	25601		---1247
25604	25609	25611	25612	25613	25615	25622	25625	25625	25629		---1248
25632	25637	25639	25640	25641	25643	25650	25653	25653	25657		---1249
25660	25665	25667	25668	25669	25671	25678	25681	25681	25685		---1250
25688	25693	25695	25696	25697	25699	25706	25709	25709	25713		---1251
25716	25721	25723	25724	25725	25727	25734	25737	25737	25741		---1252
25744	25749	25751	25752	25753	25755	25762	25765	25765	25769		---1253
25772	25777	25779	25780	25781	25783	25790	25793	25793	25797		---1254
25800	25805	25807	25808	25809	25811	25818	25821	25821	25825		---1255
25828	25833	25835	25836	25837	25839	25846	25849	25849	25853		---1256
25856	25861	25863	25864	25865	25867	25874	25877	25877	25881		---1257
25884	25889	25891	25892	25893	25895	25902	25905	25905	25909		---1258
25912	25917	25919	25920	25921	25923	25930	25933	25933	25937		---1259
25940	25945	25947	25948	25949	25951	25958	25961	25961	25965		---1260
25968	25973	25975	25976	25977	25979	25986	25989	25989	25993		---1261
25996	26001	26003	26004	26005	26007	26014	26017	26017	26021		---1262
26024	26029	26031	26032	26033	26035	26042	26045	26045	26049		---1263
26052	26057	26059	26060	26061	26063	26070	26073	26073	26077		---1264
26080	26085	26087	26088	26089	26091	26098	26101	26101	26105		---1265
26108	26113	26115	26116	26117	26119	26126	26129	26129	26133		---1266
26136	26141	26143	26144	26145	26147	26154	26157	26157	26161		---1267
26164	26169	26171	26172	26173	26175	26182	26185	26185	26189		---1268
26192	26197	26199	26200	26201	26203	26210	26213	26213	26217		---1269
26220	26225	26227	26228	26229	26231	26238	26241	26241	26245		---1270
26248	26253	26255	26256	26257	26259	26266	26269	26269	26273		---1271
26276	26281	26283	26284	26285	26287	26294	26297	26297	26301		---1272
26304	26309	26311	26312	26313	26315	26322	26325	26325	26329		---1273
26332	26337	26339	26340	26341	26343	26350	26353	26353	26357		---1274
26360	26365	26367	26368	26369	26371	26378	26381	26381	26385		---1275
26388	26393	26395	26396	26397	26399	26406	26409	26409	26413		---1276
26416	26421	26423	26424	26425	26427	26434	26437	26437	26441		---1277
26444	26449	26451	26452	26453	26455	26462	26465	26465	26469		---1278
26472	26477	26479	26480	26481	26483	26490	26493	26493	26497		---1279
26500	26505	26507	26508	26509	26511	26518	26521	26521	26525		---1280
26528	26533	26535	26536	26537	26539	26546	26549	26549	26553		---1281
26556	26561	26563	26564	26565	26567	26574	26577	26577	26581		---1282
26584	26589	26591	26592	26593	26595	26602	26605	26605	26609		---1283
26612	26617	26619	26620	26621	26623	26630	26633	26633	26637		---1284
26640	26645	26647	26648	26649	26651	26658	26661	26661	26665		---1285
26668	26673	26675	26676	26677	26679	26686	26689	26689	26693		---1286
26696	26701	26703	26704	26705	26707	26714	26717	26717	26721		---1287
26724	26729	26731	26732	26733	26735	26742	26745	26745	26749		---1288
26752	26757	26759	26760	26761	26763	26770	26773	26773	26777		---1289
26780	26785	26787	26788	26789	26791	26798	26801	26801	26805		---1290
26808	26813	26815	26816	26817	26819	26826	26829	26829	26833		---1291
26836	26841	26843	26844	26845	26847	26854	26857	26857	26861		---1292
26864	26869	26871	26872	26873	26875	26882	26885	26885	26889		---1293
26892	26897	26899	26900	26901	26903	26910	26913	26913	26917		---1294
26920	26925	26927	26928	26929	26931	26938	26941	26941	26945		---1295
26948	26953	26955	26956	26957	26959	26966	26969	26969	26973		---1296
26976	26981	26983	26984	26985	26987	26994	26997	26997	27001		---1297
27004	27009	27011	27012	27013	27015	27022	27025	27025	27029		---1298
27032	27037	27039	27040	27041	27043	27050	27053	27053	27057		---1299
27060	27065	27067	27068	27069	27071	27078	27081	27081	27085		---1300
27088	27093	27095	27096	27097	27099	27106	27109	27109	27113		---1301
27116	27121	27123	27124	27125	27127	27134	27137	27137	27141		---1302
27144	27149	27151	27152	27153	27155	27162	27165	27165	27169		---1303
27172	27177	27179	27180	27181	27183	27190	27193	27193	27197		---1304
27200	27205	27207	27208	27209	27211	27218	27221	27221	27225		---1305
27228	27233	27235	27236	27237	27239	27246	27249	27249	27253		---1306
27256	27261	27263	27264	27265	27267	27274	27277	27277	27281		---1307
27284	27289	27291	27292	27293	27295	27302	27305	27305	27309		---1308
27312	27317	27319	27320	27321	27323	27330	27333	27333	27337		---1309
27340	27345	27347	27348	27349	27351	27358	27361	27361	27365		---1310
27368	27373	27375	27376	27377	27379	27386	27389	27389	27393		---1311
27396	27401	27403	27404	27405	27407	27414	27417	27417	27421		---1312
27424	27429	27431	27432	27433	27435	27442	27445	27445	27449		---1313
27452	27457	27459	27460	27461	27463	27470	27473	27473	27477		---1314
27480	27485	27487	27488	27489	27491	27498	27501	27501	27505		---1315
27508	27513	27515	27516	27517	27519	27526	27529	27529	27533		---1316
27536	27541	27543	27544	27545	27547	27554	27557	27557	27561		---1317
27564	27569	27571	27572	27573	27575	27582	27585	27585	27589		---1318
27592	27597	27599	27600	27601	27603	27610	27613	27613	27617		---1319
27620	27625	27627	27628	27629	27631	27638	27641	27641	27645		---1320
27648	27653	27655	27656	27657	27659	27666	27669	27669	27673		---1321
27676	27681	27683	27684	27685	27687	27694	27697	27697	27701		---1322
27704	27709	27711	27712	27713	27715	27722	27725	27725	27729		---1323
27732	27737	27739	27740	27741	27743	27750	27753	27753	27757		---1324
27760	27765	27767	27768	27769	27771	27778	27781	27781	27785		---1325
27788	27793	27795	27796	27797	27799	27806	27809	27809	27813		---1326
27816	27821	27823	27824	27825	27827	27834	27837	27837	27841		---1327
27844	27849	27851	27852	27853	27855	27862	27865	27865	27869		---1328
27872	27877	27879	27880	27881	27883	27890	27893	27893	27897		---1329
27900	27905	27907	27908	27909	27911	27918	27921	27921	27925		---1330
27928	27933	27935	27936	27937	27939	27946	27949	27949	27953		---1331
27956	27961	27963	27964	27965	27967	27974	27977	27977	27981		---1332
27984	27989	27991	27992	27993	27995	28002	28005	28005	28009		---1333
28012	28017	28019	28020	28021	28023	28030	28033	28033	28037		---1334
28040	28045	28047	28048	28049	28051	28058	28061	28061	28065		---1335
28068	28073	28075	28076	28077	28079	28086	28089	28089	28093		---1336
28096	28101	28103	28104	28105	28107	28114	28117	28117	28121		---1337
28124	28129	28131	28132	28133	28135	28142	28145	28145	28149		---1338
28152	28157	28159	28160	28161	28163	28170	28173	28173	28177		---1339
28180	28185	28187	28188	28189	28191	28198	28201	28201	28205		---1340
28208	28213	28215	28216	28217	28219	28226	28229	28229	28233		---1341
28236	28241	28243	28244	28245	28247	28254	28257	28257	28261		---1342
28264	28269	28271	28272	28273	28275	28282	28285	28285	28289		---1343
28292	28297	28299	28300	28301	28303	28310	28313	28313	28317		---1344
28320	28325	28327	28328	28329	28331	28338	28341	28341	28345		---1345
28348	28353	28355	28356	28357	28359	28366	28369	28369	28373		---1346
28376	28381	28383	28384	28385	28387	28394	28397	28397	28401		---1347
28404	28409	28411	28412	28413	28415	28422	28425	28425	28429		---1348
28432	28437	28439	28440	28441	28443	28450	28453	28453	28457		---1349
28460	28465	28467	28468	28469	28471	28478	28481	28481	28485		---1350
28488	28493	28495	28496	28497	28499	28506	28509	28509	28513		---1351
28516	28521	28523	28524	28525	28527	28534	28537	28537	28541		---1352
28544	28549	28551	28552	28553	28555	28562	28565	28565	28569		---1353
28572	28577	28579	28580	28581	28583	28590	28593	28593	28597		---1354
28600	28605	28607	28608	28609	28611	28618	28621	28621	28625		---1355
28628	28633	28635	28636	28637	28639	28646	28649	28649	28653		---1356
28656	28661	28663	28664	28665	28667	28674	28677	28677	28681		---1357
28684	28689	28691	28692	28693	28695	28702	28705	28705	28709		---1358
28712	28717	28719	28720	28721	28723	28730	28733	28733	28737		---1359
28740	28745	28747	28748	28749	28751	28758	28761	28761	28765		---1360
28768	28773	28775	28776	28777	28779	28786	28789	28789	28793		---1361
28796	28801	28803	28804	28805	28807	28814	28817	28817	28821		---1362
28824	28829	28831	28832	28833	28835	28842	28845	28845	28849		---1363
28852	28857	28859	28860	28861	28863	28870	28873	28873	28877		---1364
28880	28885	28887	28888	28889	28891	28898	28901	28901	28905		---1365
28908	28913	28915	28916	28917	28919	28926	28929	28929	28933		---1366
28936	28941	28943	28944	28945	28947	28954	28957	28957	28961		---1367
28964	28969	28971	28972	28973	28975	28982	28985	28985	28989		---1368
28992	28997	28999	29000	29001	29003	29010	29013	29013	29017		---1369
29020	29025	29027	29028	29029	29031	29038	29041	29041	29045		---1370
29048	29053	29055	29056	29057	29059	29066	29069	29069	29073		---1371
29076	29081	29083	29084	29085	29087	29094	29097	29097	29101		---1372
29104	29109	29111	29112	29113	29115	29122	29125	29125	29129		---1373
29132	29137	29139	29140	29141	29143	29150	29153	29153	29157		---1374
29160	29165	29167	29168	29169	29171	29178	29181	29181	29185		---1375
29188	29193	29195	29196	29197	29199	29206	29209	29209	29213		---1376
29216	29221	29223	29224	29225	29227	29234	29237	29237	29241		---1377
29244	29249	29251	29252	29253	29255	29262	29265	29265	29269		---1378
29272	29277	29279	29280	29281	29283	29290	29293	29293	29297		---1379
29300	29305	29307	29308	29309	29311	29318	29321	29321	29325		---1380
29328	29333	29335	29336	29337	29339	29346	29349	29349	29353		---1381
29356	29361	29363	29364	29365	29367	29374	29377	29377	29381		---1382
29384	29389	29391	29392	29393	29395	29402	29405	29405	29409		---1383
29412	29417	29419	29420	29421	29423	29430	29433	29433	29437		---1384
29440	29445	29447	29448	29449	29451	29458	29461	29461	29465		---1385
29468	29473	29475	29476	29477	29479	29486	29489	29489	29493		---1386
29496	29501	29503	29504	29505	29507	29514	29517	29517	29521		---1387
29524	29529	29531	29532	29533	29535	29542	29545	29545	29549		---1388
29552	29557	29559	29560	29561	29563	29570	29573	29573	29577		---1389
29580	29585	29587	29588	29589	29591	29598	29601	29601	29605		---1390
29608	29613	29615	29616	29617	29619	29626	29629	29629	29633		---1391
29636	29641	29643	29644	29645	29647	29654	29657	29657	29661		---1392
29664	29669	29671	29672	29673	29675	29682	29685	29685	29689		---1393
29692	29697	29699	29700	29701	29703	29710	29713	29713	29717		---1394
29720	29725	29727	29728	29729	29731	29738	29741	29741	29745		---1395
29748	29753	29755	29756	29757	29759	29766	29769	29769	29773		---1396
29776	29781	29783	29784	29785	29787	29794	29797	29797	29801		---1397
29804	29809	29811	29812	29813	29815	29822	29825	29825	29829		---1398
29832	29837	29839	29840	29841	29843	29850	29853	29853	29857		---1399
29860	29865	29867	29868	29869	29871	29878	29881	29881	29885		---1400
29888	29893	29895	29896	29897	29899	29906	29909	29909	29913		---1401
29916	29921	29923	29924	29925	29927	29934	29937	29937	29941		---1402
29944	29949	29951	29952	29953	29955	29962	29965	29965	29969		---1403
29972	29977	29979	29980	29981	29983	29990	29993	29993	29997		---1404
30000	30005	30007	30008	30009	30011	30018	30021	30021	30025		---1405
30028	30033	30035	30036	30037	30039	30046	30049	30049	30053		---1406
30056	30061	30063	30064	30065	30067	30074	30077	30077	30081		---1407
30084	30089	30091	30092	30093	30095	30102	30105	30105	30109		---1408
30112	30117	30119	30120	30121	30123	30130	30133	30133	30137		---1409
30140	30145	30147	30148	30149	30151	30158	30161	30161	30165		---1410
30168	30173	30175	30176	30177	30179	30186	30189	30189	30193		---1411
30196	30201	30203	30204	30205	30207	30214	30217	30217	30221		---1412
30224	30229	30231	30232	30233	30235	30242	30245	30245	30249		---1413
30252	30257	30259	30260	30261	30263	30270	30273	30273	30277		---1414
30280	30285	30287	30288	30289	30291	30298	30301	30301	30305		---1415
30308	30313	30315	30316	30317	30319	30326	30329	30329	30333		---1416
30336	30341	30343	30344	30345	30347	30354	30357	30357	30361		---1417
30364	30369	30371	30372	30373	30375	30382	30385	30385	30389		---1418
30392	30397	30399	30400	30401	30403	30410	30413	30413	30417		---1419
30420	30425	30427	30428	30429	30431	30438	30441	30441	30445		---1420
30448	30453	30455	30456	30457	30459	30466	30469	30469	30473		---1421
30476	30481	30483	30484	30485	30487	30494	30497	30497	30501		---1422
30504	30509	30511	30512	30513	30515	30522	30525	30525	30529		---1423
30532	30537	30539	30540	30541	30543	30550	30553	30553	30557		---1424
30560	30565	30567	30568	30569	30571	30578	30581	30581	30585		---1425
30588	30593	30595	30596	30597	30599	30606	30609	30609	30613		---1426
30616	30621	30623	30624	30625	30627	30634	30637	30637	30641		---1427
30644	30649	30651	30652	30653	30655	30662	30665	30665	30669		---1428
30672	30677	30679	30680	30681	30683	30690	30693	30693	30697		---1429
30700	30705	30707	30708	30709	30711	30718	30721	30721	30725		---1430
30728	30733	30735	30736	30737	30739	30746	30749	30749	30753		---1431
30756	30761	30763	30764	30765	30767	30774	30777	30777	30781		---1432
30784	30789	30791	30792	30793	30795	30802	30805	30805	30809		---1433
30812	30817	30819	30820	30821	30823	30830	30833	30833	30837		---1434
30840	30845	30847	30848	30849	30851	30858	30861	30861	30865		---1435
30868	30873	30875	30876	30877	30879	30886	30889	30889	30893		---1436
30896	30901	30903	30904	30905	30907	30914	30917	30917	30921		---1437
30924	30929	30931	30932	30933	30935	30942	30945	30945	30949		---1438
30952	30957	30959	30960	30961	30963	30970	30973	30973	30977		---1439
30980	30985	30987	30988	30989	30991	30998	31001	31001	31005		---1440
31008	31013	31015	31016	31017	31019	31026	31029	31029	31033		---1441
31036	31041	31043	31044	31045	31047	31054	31057	31057	31061		---1442
31064	31069	31071	31072	31073	31075	31082	31085	31085	31089		---1443
31092	31097	31099	31100	31101	31103	31110	31113	31113	31117		---1444
31120	31125	31127	31128	31129	31131	31138	31141	31141	31145		---1445
31148	31153	31155	31156	31157	31159	31166	31169	31169	31173		---1446
31176	31181	31183	31184	31185	31187	31194	31197	31197	31201		---1447
31204	31209	31211	31212	31213	31215	31222	31225	31225	31229		---1448
31232	31237	31239	31240	31241	31243	31250	31253	31253	31257		---1449
31260	31265	31267	31268	31269	31271	31278	31281	31281	31285		---1450
31288	31293	31295	31296	31297	31299	31306	31309	31309	31313		---1451
31316	31321	31323	31324	31325	31327	31334	31337	31337	31341		---1452
31344	31349	31351	31352	31353	31355	31362	31365	31365	31369		---1453
31372	31377	31379	31380	31381	31383	31390	31393	31393	31397		---1454
31400	31405	31407	31408	31409	31411	31418	31421	31421	31425		---1455
31428	31433	31435	31436	31437	31439	31446	31449	31449	31453		---1456
31456	31461	31463	31464	31465	31467	31474	31477	31477	31481		---1457
31484	31489	31491	31492	31493	31495	31502	31505	31505	31509		---1458
31512	31517	31519	31520	31521	31523	31530	31533	31533	31537		---1459
31540	31545	31547	31548	31549	31551	31558	31561	31561	31565		---1460
31568	31573	31575	31576	31577	31579	31586	31589	31589	31593		---1461
31596	31601	31603	31604	31605	31607	31614	31617	31617	31621		---1462
31624	31629	31631	31632	31633	31635	31642	31645	31645	31649		---1463
31652	31657	31659	31660	31661	31663	31670	31673	31673	31677		---1464
31680	31685	31687	31688	31689	31691	31698	31701	31701	31705		---1465
31708	31713	31715	31716	31717	31719	31726	31729	31729	31733		---1466
31736	31741	31743	31744	31745	31747	31754	31757	31757	31761		---1467
31764	31769	31771	31772	31773	31775	31782	31785	31785	31789		---1468
31792	31797	31799	31800	31801	31803	31810	31813	31813	31817		---1469
31820	31825	31827	31828	31829	31831	31838	31841	31841	31845		---1470
31848	31853	31855	31856	31857	31859	31866	31869	31869	31873		---1471
31876	31881	31883	31884	31885	31887	31894	31897	31897	31901		---1472
31904	31909	31911	31912	31913	31915	31922	31925	31925	31929		---1473
31932	31937	31939	31940	31941	31943	31950	31953	31953	31957		---1474
31960	31965	31967	31968	31969	31971	31978	31981	31981	31985		---1475
31988	31993	31995	31996	31997	31999	32006	32009	32009	32013		---1476
32016	32021	32023	32024	32025	32027	32034	32037	32037	32041		---1477
32044	32049	32051	32052	32053	32055	32062	32065	32065	32069		---1478
32072	32077	32079	32080	32081	32083	32090	32093	32093	32097		---1479
32100	32105	32107	32108	32109	32111	32118	32121	32121	32125		---1480
32128	32133	32135	32136	32137	32139	32146	32149	32149	32153		---1481
32156	32161	32163	32164	32165	32167	32174	32177	32177	32181		---1482
32184	32189	32191	32192	32193	32195	32202	32205	32205	32209		---1483
32212	32217	32219	32220	32221	32223	32230	32233	32233	32237		---1484
32240	32245	32247	32248	32249	32251	32258	32261	32261	32265		---1485
32268	32273	32275	32276	32277	32279	32286	32289	32289	32293		---1486
32296	32301	32303	32304	32305	32307	32314	32317	32317	32321		---1487
32324	32329	32331	32332	32333	32335	32342	32345	32345	32349		---1488
32352	32357	32359	32360	32361	32363	32370	32373	32373	32377		---1489
32380	32385	32387	32388	32389	32391	32398	32401	32401	32405		---1490
32408	32413	32415	32416	32417	32419	32426	32429	32429	32433		---1491
32436	32441	32443	32444	32445	32447	32454	32457	32457	32461		---1492
32464	32469	32471	32472	32473	32475	32482	32485	32485	32489		---1493
32492	32497	32499	32500	32501	32503	32510	32513	32513	32517		---1494
32520	32525	32527	32528	32529	32531	32538	32541	32541	32545		---1495
32548	32553	32555	32556	32557	32559	32566	32569	32569	32573		---1496
32576	32581	32583	32584	32585	32587	32594	32597	32597	32601		---1497
32604	32609	32611	32612	32613	32615	32622	32625	32625	32629		---1498
32632	32637	32639	32640	32641	32643	32650	