23	45	33	89	12	30	21	93	20	75		---1
1	51	73	61	117	40	58	49	121	48		---2
103	2	79	101	89	145	68	86	77	149		---3
76	131	3	107	129	117	173	96	114	105		---4
177	104	159	4	135	157	145	201	124	142		---5
133	205	132	187	5	163	185	173	229	152		---6
170	161	233	160	215	6	191	213	201	257		---7
180	198	189	261	188	243	7	219	241	229		---8
285	208	226	217	289	216	271	8	247	269		---9
257	313	236	254	245	317	244	299	9	275		---10
297	285	341	264	282	273	345	272	327	10		---11
303	325	313	369	292	310	301	373	300	355		---12
11	331	353	341	397	320	338	329	401	328		---13
383	12	359	381	369	425	348	366	357	429		---14
356	411	13	387	409	397	453	376	394	385		---15
457	384	439	14	415	437	425	481	404	422		---16
413	485	412	467	15	443	465	453	509	432		---17
450	441	513	440	495	16	471	493	481	537		---18
460	478	469	541	468	523	17	499	521	509		---19
565	488	506	497	569	496	551	18	527	549		---20
537	593	516	534	525	597	524	579	19	555		---21
577	565	621	544	562	553	625	552	607	20		---22
583	605	593	649	572	590	581	653	580	635		---23
21	611	633	621	677	600	618	609	681	608		---24
663	22	639	661	649	705	628	646	637	709		---25
636	691	23	667	689	677	733	656	674	665		---26
737	664	719	24	695	717	705	761	684	702		---27
693	765	692	747	25	723	745	733	789	712		---28
730	721	793	720	775	26	751	773	761	817		---29
740	758	749	821	748	803	27	779	801	789		---30
845	768	786	777	849	776	831	28	807	829		---31
817	873	796	814	805	877	804	859	29	835		---32
857	845	901	824	842	833	905	832	887	30		---33
863	885	873	929	852	870	861	933	860	915		---34
31	891	913	901	957	880	898	889	961	888		---35
943	32	919	941	929	985	908	926	917	989		---36
916	971	33	947	969	957	1013	936	954	945		---37
1017	944	999	34	975	997	985	1041	964	982		---38
973	1045	972	1027	35	1003	1025	1013	1069	992		---39
1010	1001	1073	1000	1055	36	1031	1053	1041	1097		---40
1020	1038	1029	1101	1028	1083	37	1059	1081	1069		---41
1125	1048	1066	1057	1129	1056	1111	38	1087	1109		---42
1097	1153	1076	1094	1085	1157	1084	1139	39	1115		---43
1137	1125	1181	1104	1122	1113	1185	1112	1167	40		---44
1143	1165	1153	1209	1132	1150	1141	1213	1140	1195		---45
41	1171	1193	1181	1237	1160	1178	1169	1241	1168		---46
1223	42	1199	1221	1209	1265	1188	1206	1197	1269		---47
1196	1251	43	1227	1249	1237	1293	1216	1234	1225		---48
1297	1224	1279	44	1255	1277	1265	1321	1244	1262		---49
1253	1325	1252	1307	45	1283	1305	1293	1349	1272		---50
1290	1281	1353	1280	1335	46	1311	1333	1321	1377		---51
1300	1318	1309	1381	1308	1363	47	1339	1361	1349		---52
1405	1328	1346	1337	1409	1336	1391	48	1367	1389		---53
1377	1433	1356	1374	1365	1437	1364	1419	49	1395		---54
1417	1405	1461	1384	1402	1393	1465	1392	1447	50		---55
1423	1445	1433	1489	1412	1430	1421	1493	1420	1475		---56
51	1451	1473	1461	1517	1440	1458	1449	1521	1448		---57
1503	52	1479	1501	1489	1545	1468	1486	1477	1549		---58
1476	1531	53	1507	1529	1517	1573	1496	1514	1505		---59
1577	1504	1559	54	1535	1557	1545	1601	1524	1542		---60
1533	1605	1532	1587	55	1563	1585	1573	1629	1552		---61
1570	1561	1633	1560	1615	56	1591	1613	1601	1657		---62
1580	1598	1589	1661	1588	1643	57	1619	1641	1629		---63
1685	1608	1626	1617	1689	1616	1671	58	1647	1669		---64
1657	1713	1636	1654	1645	1717	1644	1699	59	1675		---65
1697	1685	1741	1664	1682	1673	1745	1672	1727	60		---66
1703	1725	1713	1769	1692	1710	1701	1773	1700	1755		---67
61	1731	1753	1741	1797	1720	1738	1729	1801	1728		---68
1783	62	1759	1781	1769	1825	1748	1766	1757	1829		---69
1756	1811	63	1787	1809	1797	1853	1776	1794	1785		---70
1857	1784	1839	64	1815	1837	1825	1881	1804	1822		---71
1813	1885	1812	1867	65	1843	1865	1853	1909	1832		---72
1850	1841	1913	1840	1895	66	1871	1893	1881	1937		---73
1860	1878	1869	1941	1868	1923	67	1899	1921	1909		---74
1965	1888	1906	1897	1969	1896	1951	68	1927	1949		---75
1937	1993	1916	1934	1925	1997	1924	1979	69	1955		---76
1977	1965	2021	1944	1962	1953	2025	1952	2007	70		---77
1983	2005	1993	2049	1972	1990	1981	2053	1980	2035		---78
71	2011	2033	2021	2077	2000	2018	2009	2081	2008		---79
2063	72	2039	2061	2049	2105	2028	2046	2037	2109		---80
2036	2091	73	2067	2089	2077	2133	2056	2074	2065		---81
2137	2064	2119	74	2095	2117	2105	2161	2084	2102		---82
2093	2165	2092	2147	75	2123	2145	2133	2189	2112		---83
2130	2121	2193	2120	2175	76	2151	2173	2161	2217		---84
2140	2158	2149	2221	2148	2203	77	2179	2201	2189		---85
2245	2168	2186	2177	2249	2176	2231	78	2207	2229		---86
2217	2273	2196	2214	2205	2277	2204	2259	79	2235		---87
2257	2245	2301	2224	2242	2233	2305	2232	2287	80		---88
2263	2285	2273	2329	2252	2270	2261	2333	2260	2315		---89
81	2291	2313	2301	2357	2280	2298	2289	2361	2288		---90
2343	82	2319	2341	2329	2385	2308	2326	2317	2389		---91
2316	2371	83	2347	2369	2357	2413	2336	2354	2345		---92
2417	2344	2399	84	2375	2397	2385	2441	2364	2382		---93
2373	2445	2372	2427	85	2403	2425	2413	2469	2392		---94
2410	2401	2473	2400	2455	86	2431	2453	2441	2497		---95
2420	2438	2429	2501	2428	2483	87	2459	2481	2469		---96
2525	2448	2466	2457	2529	2456	2511	88	2487	2509		---97
2497	2553	2476	2494	2485	2557	2484	2539	89	2515		---98
2537	2525	2581	2504	2522	2513	2585	2512	2567	90		---99
2543	2565	2553	2609	2532	2550	2541	2613	2540	2595		---100
91	2571	2593	2581	2637	2560	2578	2569	2641	2568		---101
2623	92	2599	2621	2609	2665	2588	2606	2597	2669		---102
2596	2651	93	2627	2649	2637	2693	2616	2634	2625		---103
2697	2624	2679	94	2655	2677	2665	2721	2644	2662		---104
2653	2725	2652	2707	95	2683	2705	2693	2749	2672		---105
2690	2681	2753	2680	2735	96	2711	2733	2721	2777		---106
2700	2718	2709	2781	2708	2763	97	2739	2761	2749		---107
2805	2728	2746	2737	2809	2736	2791	98	2767	2789		---108
2777	2833	2756	2774	2765	2837	2764	2819	99	2795		---109
2817	2805	2861	2784	2802	2793	2865	2792	2847	100		---110
2823	2845	2833	2889	2812	2830	2821	2893	2820	2875		---111
101	2851	2873	2861	2917	2840	2858	2849	2921	2848		---112
2903	102	2879	2901	2889	2945	2868	2886	2877	2949		---113
2876	2931	103	2907	2929	2917	2973	2896	2914	2905		---114
2977	2904	2959	104	2935	2957	2945	3001	2924	2942		---115
2933	3005	2932	2987	105	2963	2985	2973	3029	2952		---116
2970	2961	3033	2960	3015	106	2991	3013	3001	3057		---117
2980	2998	2989	3061	2988	3043	107	3019	3041	3029		---118
3085	3008	3026	3017	3089	3016	3071	108	3047	3069		---119
3057	3113	3036	3054	3045	3117	3044	3099	109	3075		---120
3097	3085	3141	3064	3082	3073	3145	3072	3127	110		---121
3103	3125	3113	3169	3092	3110	3101	3173	3100	3155		---122
111	3131	3153	3141	3197	3120	3138	3129	3201	3128		---123
3183	112	3159	3181	3169	3225	3148	3166	3157	3229		---124
3156	3211	113	3187	3209	3197	3253	3176	3194	3185		---125
3257	3184	3239	114	3215	3237	3225	3281	3204	3222		---126
3213	3285	3212	3267	115	3243	3265	3253	3309	3232		---127
3250	3241	3313	3240	3295	116	3271	3293	3281	3337		---128
3260	3278	3269	3341	3268	3323	117	3299	3321	3309		---129
3365	3288	3306	3297	3369	3296	3351	118	3327	3349		---130
3337	3393	3316	3334	3325	3397	3324	3379	119	3355		---131
3377	3365	3421	3344	3362	3353	3425	3352	3407	120		---132
3383	3405	3393	3449	3372	3390	3381	3453	3380	3435		---133
121	3411	3433	3421	3477	3400	3418	3409	3481	3408		---134
3463	122	3439	3461	3449	3505	3428	3446	3437	3509		---135
3436	3491	123	3467	3489	3477	3533	3456	3474	3465		---136
3537	3464	3519	124	3495	3517	3505	3561	3484	3502		---137
3493	3565	3492	3547	125	3523	3545	3533	3589	3512		---138
3530	3521	3593	3520	3575	126	3551	3573	3561	3617		---139
3540	3558	3549	3621	3548	3603	127	3579	3601	3589		---140
3645	3568	3586	3577	3649	3576	3631	128	3607	3629		---141
3617	3673	3596	3614	3605	3677	3604	3659	129	3635		---142
3657	3645	3701	3624	3642	3633	3705	3632	3687	130		---143
3663	3685	3673	3729	3652	3670	3661	3733	3660	3715		---144
131	3691	3713	3701	3757	3680	3698	3689	3761	3688		---145
3743	132	3719	3741	3729	3785	3708	3726	3717	3789		---146
3716	3771	133	3747	3769	3757	3813	3736	3754	3745		---147
3817	3744	3799	134	3775	3797	3785	3841	3764	3782		---148
3773	3845	3772	3827	135	3803	3825	3813	3869	3792		---149
3810	3801	3873	3800	3855	136	3831	3853	3841	3897		---150
3820	3838	3829	3901	3828	3883	137	3859	3881	3869		---151
3925	3848	3866	3857	3929	3856	3911	138	3887	3909		---152
3897	3953	3876	3894	3885	3957	3884	3939	139	3915		---153
3937	3925	3981	3904	3922	3913	3985	3912	3967	140		---154
3943	3965	3953	4009	3932	3950	3941	4013	3940	3995		---155
141	3971	3993	3981	4037	3960	3978	3969	4041	3968		---156
4023	142	3999	4021	4009	4065	3988	4006	3997	4069		---157
3996	4051	143	4027	4049	4037	4093	4016	4034	4025		---158
4097	4024	4079	144	4055	4077	4065	4121	4044	4062		---159
4053	4125	4052	4107	145	4083	4105	4093	4149	4072		---160
4090	4081	4153	4080	4135	146	4111	4133	4121	4177		---161
4100	4118	4109	4181	4108	4163	147	4139	4161	4149		---162
4205	4128	4146	4137	4209	4136	4191	148	4167	4189		---163
4177	4233	4156	4174	4165	4237	4164	4219	149	4195		---164
4217	4205	4261	4184	4202	4193	4265	4192	4247	150		---165
4223	4245	4233	4289	4212	4230	4221	4293	4220	4275		---166
151	4251	4273	4261	4317	4240	4258	4249	4321	4248		---167
4303	152	4279	4301	4289	4345	4268	4286	4277	4349		---168
4276	4331	153	4307	4329	4317	4373	4296	4314	4305		---169
4377	4304	4359	154	4335	4357	4345	4401	4324	4342		---170
4333	4405	4332	4387	155	4363	4385	4373	4429	4352		---171
4370	4361	4433	4360	4415	156	4391	4413	4401	4457		---172
4380	4398	4389	4461	4388	4443	157	4419	4441	4429		---173
4485	4408	4426	4417	4489	4416	4471	158	4447	4469		---174
4457	4513	4436	4454	4445	4517	4444	4499	159	4475		---175
4497	4485	4541	4464	4482	4473	4545	4472	4527	160		---176
4503	4525	4513	4569	4492	4510	4501	4573	4500	4555		---177
161	4531	4553	4541	4597	4520	4538	4529	4601	4528		---178
4583	162	4559	4581	4569	4625	4548	4566	4557	4629		---179
4556	4611	163	4587	4609	4597	4653	4576	4594	4585		---180
4657	4584	4639	164	4615	4637	4625	4681	4604	4622		---181
4613	4685	4612	4667	165	4643	4665	4653	4709	4632		---182
4650	4641	4713	4640	4695	166	4671	4693	4681	4737		---183
4660	4678	4669	4741	4668	4723	167	4699	4721	4709		---184
4765	4688	4706	4697	4769	4696	4751	168	4727	4749		---185
4737	4793	4716	4734	4725	4797	4724	4779	169	4755		---186
4777	4765	4821	4744	4762	4753	4825	4752	4807	170		---187
4783	4805	4793	4849	4772	4790	4781	4853	4780	4835		---188
171	4811	4833	4821	4877	4800	4818	4809	4881	4808		---189
4863	172	4839	4861	4849	4905	4828	4846	4837	4909		---190
4836	4891	173	4867	4889	4877	4933	4856	4874	4865		---191
4937	4864	4919	174	4895	4917	4905	4961	4884	4902		---192
4893	4965	4892	4947	175	4923	4945	4933	4989	4912		---193
4930	4921	4993	4920	4975	176	4951	4973	4961	5017		---194
4940	4958	4949	5021	4948	5003	177	4979	5001	4989		---195
5045	4968	4986	4977	5049	4976	5031	178	5007	5029		---196
5017	5073	4996	5014	5005	5077	5004	5059	179	5035		---197
5057	5045	5101	5024	5042	5033	5105	5032	5087	180		---198
5063	5085	5073	5129	5052	5070	5061	5133	5060	5115		---199
181	5091	5113	5101	5157	5080	5098	5089	5161	5088		---200
5143	182	5119	5141	5129	5185	5108	5126	5117	5189		---201
5116	5171	183	5147	5169	5157	5213	5136	5154	5145		---202
5217	5144	5199	184	5175	5197	5185	5241	5164	5182		---203
5173	5245	5172	5227	185	5203	5225	5213	5269	5192		---204
5210	5201	5273	5200	5255	186	5231	5253	5241	5297		---205
5220	5238	5229	5301	5228	5283	187	5259	5281	5269		---206
5325	5248	5266	5257	5329	5256	5311	188	5287	5309		---207
5297	5353	5276	5294	5285	5357	5284	5339	189	5315		---208
5337	5325	5381	5304	5322	5313	5385	5312	5367	190		---209
5343	5365	5353	5409	5332	5350	5341	5413	5340	5395		---210
191	5371	5393	5381	5437	5360	5378	5369	5441	5368		---211
5423	192	5399	5421	5409	5465	5388	5406	5397	5469		---212
5396	5451	193	5427	5449	5437	5493	5416	5434	5425		---213
5497	5424	5479	194	5455	5477	5465	5521	5444	5462		---214
5453	5525	5452	5507	195	5483	5505	5493	5549	5472		---215
5490	5481	5553	5480	5535	196	5511	5533	5521	5577		---216
5500	5518	5509	5581	5508	5563	197	5539	5561	5549		---217
5605	5528	5546	5537	5609	5536	5591	198	5567	5589		---218
5577	5633	5556	5574	5565	5637	5564	5619	199	5595		---219
5617	5605	5661	5584	5602	5593	5665	5592	5647	200		---220
5623	5645	5633	5689	5612	5630	5621	5693	5620	5675		---221
201	5651	5673	5661	5717	5640	5658	5649	5721	5648		---222
5703	202	5679	5701	5689	5745	5668	5686	5677	5749		---223
5676	5731	203	5707	5729	5717	5773	5696	5714	5705		---224
5777	5704	5759	204	5735	5757	5745	5801	5724	5742		---225
5733	5805	5732	5787	205	5763	5785	5773	5829	5752		---226
5770	5761	5833	5760	5815	206	5791	5813	5801	5857		---227
5780	5798	5789	5861	5788	5843	207	5819	5841	5829		---228
5885	5808	5826	5817	5889	5816	5871	208	5847	5869		---229
5857	5913	5836	5854	5845	5917	5844	5899	209	5875		---230
5897	5885	5941	5864	5882	5873	5945	5872	5927	210		---231
5903	5925	5913	5969	5892	5910	5901	5973	5900	5955		---232
211	5931	5953	5941	5997	5920	5938	5929	6001	5928		---233
5983	212	5959	5981	5969	6025	5948	5966	5957	6029		---234
5956	6011	213	5987	6009	5997	6053	5976	5994	5985		---235
6057	5984	6039	214	6015	6037	6025	6081	6004	6022		---236
6013	6085	6012	6067	215	6043	6065	6053	6109	6032		---237
6050	6041	6113	6040	6095	216	6071	6093	6081	6137		---238
6060	6078	6069	6141	6068	6123	217	6099	6121	6109		---239
6165	6088	6106	6097	6169	6096	6151	218	6127	6149		---240
6137	6193	6116	6134	6125	6197	6124	6179	219	6155		---241
6177	6165	6221	6144	6162	6153	6225	6152	6207	220		---242
6183	6205	6193	6249	6172	6190	6181	6253	6180	6235		---243
221	6211	6233	6221	6277	6200	6218	6209	6281	6208		---244
6263	222	6239	6261	6249	6305	6228	6246	6237	6309		---245
6236	6291	223	6267	6289	6277	6333	6256	6274	6265		---246
6337	6264	6319	224	6295	6317	6305	6361	6284	6302		---247
6293	6365	6292	6347	225	6323	6345	6333	6389	6312		---248
6330	6321	6393	6320	6375	226	6351	6373	6361	6417		---249
6340	6358	6349	6421	6348	6403	227	6379	6401	6389		---250
6445	6368	6386	6377	6449	6376	6431	228	6407	6429		---251
6417	6473	6396	6414	6405	6477	6404	6459	229	6435		---252
6457	6445	6501	6424	6442	6433	6505	6432	6487	230		---253
6463	6485	6473	6529	6452	6470	6461	6533	6460	6515		---254
231	6491	6513	6501	6557	6480	6498	6489	6561	6488		---255
6543	232	6519	6541	6529	6585	6508	6526	6517	6589		---256
6516	6571	233	6547	6569	6557	6613	6536	6554	6545		---257
6617	6544	6599	234	6575	6597	6585	6641	6564	6582		---258
6573	6645	6572	6627	235	6603	6625	6613	6669	6592		---259
6610	6601	6673	6600	6655	236	6631	6653	6641	6697		---260
6620	6638	6629	6701	6628	6683	237	6659	6681	6669		---261
6725	6648	6666	6657	6729	6656	6711	238	6687	6709		---262
6697	6753	6676	6694	6685	6757	6684	6739	239	6715		---263
6737	6725	6781	6704	6722	6713	6785	6712	6767	240		---264
6743	6765	6753	6809	6732	6750	6741	6813	6740	6795		---265
241	6771	6793	6781	6837	6760	6778	6769	6841	6768		---266
6823	242	6799	6821	6809	6865	6788	6806	6797	6869		---267
6796	6851	243	6827	6849	6837	6893	6816	6834	6825		---268
6897	6824	6879	244	6855	6877	6865	6921	6844	6862		---269
6853	6925	6852	6907	245	6883	6905	6893	6949	6872		---270
6890	6881	6953	6880	6935	246	6911	6933	6921	6977		---271
6900	6918	6909	6981	6908	6963	247	6939	6961	6949		---272
7005	6928	6946	6937	7009	6936	6991	248	6967	6989		---273
6977	7033	6956	6974	6965	7037	6964	7019	249	6995		---274
7017	7005	7061	6984	7002	6993	7065	6992	7047	250		---275
7023	7045	7033	7089	7012	7030	7021	7093	7020	7075		---276
251	7051	7073	7061	7117	7040	7058	7049	7121	7048		---277
7103	252	7079	7101	7089	7145	7068	7086	7077	7149		---278
7076	7131	253	7107	7129	7117	7173	7096	7114	7105		---279
7177	7104	7159	254	7135	7157	7145	7201	7124	7142		---280
7133	7205	7132	7187	255	7163	7185	7173	7229	7152		---281
7170	7161	7233	7160	7215	256	7191	7213	7201	7257		---282
7180	7198	7189	7261	7188	7243	257	7219	7241	7229		---283
7285	7208	7226	7217	7289	7216	7271	258	7247	7269		---284
7257	7313	7236	7254	7245	7317	7244	7299	259	7275		---285
7297	7285	7341	7264	7282	7273	7345	7272	7327	260		---286
7303	7325	7313	7369	7292	7310	7301	7373	7300	7355		---287
261	7331	7353	7341	7397	7320	7338	7329	7401	7328		---288
7383	262	7359	7381	7369	7425	7348	7366	7357	7429		---289
7356	7411	263	7387	7409	7397	7453	7376	7394	7385		---290
7457	7384	7439	264	7415	7437	7425	7481	7404	7422		---291
7413	7485	7412	7467	265	7443	7465	7453	7509	7432		---292
7450	7441	7513	7440	7495	266	7471	7493	7481	7537		---293
7460	7478	7469	7541	7468	7523	267	7499	7521	7509		---294
7565	7488	7506	7497	7569	7496	7551	268	7527	7549		---295
7537	7593	7516	7534	7525	7597	7524	7579	269	7555		---296
7577	7565	7621	7544	7562	7553	7625	7552	7607	270		---297
7583	7605	7593	7649	7572	7590	7581	7653	7580	7635		---298
271	7611	7633	7621	7677	7600	7618	7609	7681	7608		---299
7663	272	7639	7661	7649	7705	7628	7646	7637	7709		---300
7636	7691	273	7667	7689	7677	7733	7656	7674	7665		---301
7737	7664	7719	274	7695	7717	7705	7761	7684	7702		---302
7693	7765	7692	7747	275	7723	7745	7733	7789	7712		---303
7730	7721	7793	7720	7775	276	7751	7773	7761	7817		---304
7740	7758	7749	7821	7748	7803	277	7779	7801	7789		---305
7845	7768	7786	7777	7849	7776	7831	278	7807	7829		---306
7817	7873	7796	7814	7805	7877	7804	7859	279	7835		---307
7857	7845	7901	7824	7842	7833	7905	7832	7887	280		---308
7863	7885	7873	7929	7852	7870	7861	7933	7860	7915		---309
281	7891	7913	7901	7957	7880	7898	7889	7961	7888		---310
7943	282	7919	7941	7929	7985	7908	7926	7917	7989		---311
7916	7971	283	7947	7969	7957	8013	7936	7954	7945		---312
8017	7944	7999	284	7975	7997	7985	8041	7964	7982		---313
7973	8045	7972	8027	285	8003	8025	8013	8069	7992		---314
8010	8001	8073	8000	8055	286	8031	8053	8041	8097		---315
8020	8038	8029	8101	8028	8083	287	8059	8081	8069		---316
8125	8048	8066	8057	8129	8056	8111	288	8087	8109		---317
8097	8153	8076	8094	8085	8157	8084	8139	289	8115		---318
8137	8125	8181	8104	8122	8113	8185	8112	8167	290		---319
8143	8165	8153	8209	8132	8150	8141	8213	8140	8195		---320
291	8171	8193	8181	8237	8160	8178	8169	8241	8168		---321
8223	292	8199	8221	8209	8265	8188	8206	8197	8269		---322
8196	8251	293	8227	8249	8237	8293	8216	8234	8225		---323
8297	8224	8279	294	8255	8277	8265	8321	8244	8262		---324
8253	8325	8252	8307	295	8283	8305	8293	8349	8272		---325
8290	8281	8353	8280	8335	296	8311	8333	8321	8377		---326
8300	8318	8309	8381	8308	8363	297	8339	8361	8349		---327
8405	8328	8346	8337	8409	8336	8391	298	8367	8389		---328
8377	8433	8356	8374	8365	8437	8364	8419	299	8395		---329
8417	8405	8461	8384	8402	8393	8465	8392	8447	300		---330
8423	8445	8433	8489	8412	8430	8421	8493	8420	8475		---331
301	8451	8473	8461	8517	8440	8458	8449	8521	8448		---332
8503	302	8479	8501	8489	8545	8468	8486	8477	8549		---333
8476	8531	303	8507	8529	8517	8573	8496	8514	8505		---334
8577	8504	8559	304	8535	8557	8545	8601	8524	8542		---335
8533	8605	8532	8587	305	8563	8585	8573	8629	8552		---336
8570	8561	8633	8560	8615	306	8591	8613	8601	8657		---337
8580	8598	8589	8661	8588	8643	307	8619	8641	8629		---338
8685	8608	8626	8617	8689	8616	8671	308	8647	8669		---339
8657	8713	8636	8654	8645	8717	8644	8699	309	8675		---340
8697	8685	8741	8664	8682	8673	8745	8672	8727	310		---341
8703	8725	8713	8769	8692	8710	8701	8773	8700	8755		---342
311	8731	8753	8741	8797	8720	8738	8729	8801	8728		---343
8783	312	8759	8781	8769	8825	8748	8766	8757	8829		---344
8756	8811	313	8787	8809	8797	8853	8776	8794	8785		---345
8857	8784	8839	314	8815	8837	8825	8881	8804	8822		---346
8813	8885	8812	8867	315	8843	8865	8853	8909	8832		---347
8850	8841	8913	8840	8895	316	8871	8893	8881	8937		---348
8860	8878	8869	8941	8868	8923	317	8899	8921	8909		---349
8965	8888	8906	8897	8969	8896	8951	318	8927	8949		---350
8937	8993	8916	8934	8925	8997	8924	8979	319	8955		---351
8977	8965	9021	8944	8962	8953	9025	8952	9007	320		---352
8983	9005	8993	9049	8972	8990	8981	9053	8980	9035		---353
321	9011	9033	9021	9077	9000	9018	9009	9081	9008		---354
9063	322	9039	9061	9049	9105	9028	9046	9037	9109		---355
9036	9091	323	9067	9089	9077	9133	9056	9074	9065		---356
9137	9064	9119	324	9095	9117	9105	9161	9084	9102		---357
9093	9165	9092	9147	325	9123	9145	9133	9189	9112		---358
9130	9121	9193	9120	9175	326	9151	9173	9161	9217		---359
9140	9158	9149	9221	9148	9203	327	9179	9201	9189		---360
9245	9168	9186	9177	9249	9176	9231	328	9207	9229		---361
9217	9273	9196	9214	9205	9277	9204	9259	329	9235		---362
9257	9245	9301	9224	9242	9233	9305	9232	9287	330		---363
9263	9285	9273	9329	9252	9270	9261	9333	9260	9315		---364
331	9291	9313	9301	9357	9280	9298	9289	9361	9288		---365
9343	332	9319	9341	9329	9385	9308	9326	9317	9389		---366
9316	9371	333	9347	9369	9357	9413	9336	9354	9345		---367
9417	9344	9399	334	9375	9397	9385	9441	9364	9382		---368
9373	9445	9372	9427	335	9403	9425	9413	9469	9392		---369
9410	9401	9473	9400	9455	336	9431	9453	9441	9497		---370
9420	9438	9429	9501	9428	9483	337	9459	9481	9469		---371
9525	9448	9466	9457	9529	9456	9511	338	9487	9509		---372
9497	9553	9476	9494	9485	9557	9484	9539	339	9515		---373
9537	9525	9581	9504	9522	9513	9585	9512	9567	340		---374
9543	9565	9553	9609	9532	9550	9541	9613	9540	9595		---375
341	9571	9593	9581	9637	9560	9578	9569	9641	9568		---376
9623	342	9599	9621	9609	9665	9588	9606	9597	9669		---377
9596	9651	343	9627	9649	9637	9693	9616	9634	9625		---378
9697	9624	9679	344	9655	9677	9665	9721	9644	9662		---379
9653	9725	9652	9707	345	9683	9705	9693	9749	9672		---380
9690	9681	9753	9680	9735	346	9711	9733	9721	9777		---381
9700	9718	9709	9781	9708	9763	347	9739	9761	9749		---382
9805	9728	9746	9737	9809	9736	9791	348	9767	9789		---383
9777	9833	9756	9774	9765	9837	9764	9819	349	9795		---384
9817	9805	9861	9784	9802	9793	9865	9792	9847	350		---385
9823	9845	9833	9889	9812	9830	9821	9893	9820	9875		---386
351	9851	9873	9861	9917	9840	9858	9849	9921	9848		---387
9903	352	9879	9901	9889	9945	9868	9886	9877	9949		---388
9876	9931	353	9907	9929	9917	9973	9896	9914	9905		---389
9977	9904	9959	354	9935	9957	9945	10001	9924	9942		---390
9933	10005	9932	9987	355	9963	9985	9973	10029	9952		---391
9970	9961	10033	9960	10015	356	9991	10013	10001	10057		---392
9980	9998	9989	10061	9988	10043	357	10019	10041	10029		---393
10085	10008	10026	10017	10089	10016	10071	358	10047	10069		---394
10057	10113	10036	10054	10045	10117	10044	10099	359	10075		---395
10097	10085	10141	10064	10082	10073	10145	10072	10127	360		---396
10103	10125	10113	10169	10092	10110	10101	10173	10100	10155		---397
361	10131	10153	10141	10197	10120	10138	10129	10201	10128		---398
10183	362	10159	10181	10169	10225	10148	10166	10157	10229		---399
10156	10211	363	10187	10209	10197	10253	10176	10194	10185		---400
10257	10184	10239	364	10215	10237	10225	10281	10204	10222		---401
10213	10285	10212	10267	365	10243	10265	10253	10309	10232		---402
10250	10241	10313	10240	10295	366	10271	10293	10281	10337		---403
10260	10278	10269	10341	10268	10323	367	10299	10321	10309		---404
10365	10288	10306	10297	10369	10296	10351	368	10327	10349		---405
10337	10393	10316	10334	10325	10397	10324	10379	369	10355		---406
10377	10365	10421	10344	10362	10353	10425	10352	10407	370		---407
10383	10405	10393	10449	10372	10390	10381	10453	10380	10435		---408
371	10411	10433	10421	10477	10400	10418	10409	10481	10408		---409
10463	372	10439	10461	10449	10505	10428	10446	10437	10509		---410
10436	10491	373	10467	10489	10477	10533	10456	10474	10465		---411
10537	10464	10519	374	10495	10517	10505	10561	10484	10502		---412
10493	10565	10492	10547	375	10523	10545	10533	10589	10512		---413
10530	10521	10593	10520	10575	376	10551	10573	10561	10617		---414
10540	10558	10549	10621	10548	10603	377	10579	10601	10589		---415
10645	10568	10586	10577	10649	10576	10631	378	10607	10629		---416
10617	10673	10596	10614	10605	10677	10604	10659	379	10635		---417
10657	10645	10701	10624	10642	10633	10705	10632	10687	380		---418
10663	10685	10673	10729	10652	10670	10661	10733	10660	10715		---419
381	10691	10713	10701	10757	10680	10698	10689	10761	10688		---420
10743	382	10719	10741	10729	10785	10708	10726	10717	10789		---421
10716	10771	383	10747	10769	10757	10813	10736	10754	10745		---422
10817	10744	10799	384	10775	10797	10785	10841	10764	10782		---423
10773	10845	10772	10827	385	10803	10825	10813	10869	10792		---424
10810	10801	10873	10800	10855	386	10831	10853	10841	10897		---425
10820	10838	10829	10901	10828	10883	387	10859	10881	10869		---426
10925	10848	10866	10857	10929	10856	10911	388	10887	10909		---427
10897	10953	10876	10894	10885	10957	10884	10939	389	10915		---428
10937	10925	10981	10904	10922	10913	10985	10912	10967	390		---429
10943	10965	10953	11009	10932	10950	10941	11013	10940	10995		---430
391	10971	10993	10981	11037	10960	10978	10969	11041	10968		---431
11023	392	10999	11021	11009	11065	10988	11006	10997	11069		---432
10996	11051	393	11027	11049	11037	11093	11016	11034	11025		---433
11097	11024	11079	394	11055	11077	11065	11121	11044	11062		---434
11053	11125	11052	11107	395	11083	11105	11093	11149	11072		---435
11090	11081	11153	11080	11135	396	11111	11133	11121	11177		---436
11100	11118	11109	11181	11108	11163	397	11139	11161	11149		---437
11205	11128	11146	11137	11209	11136	11191	398	11167	11189		---438
11177	11233	11156	11174	11165	11237	11164	11219	399	11195		---439
11217	11205	11261	11184	11202	11193	11265	11192	11247	400		---440
11223	11245	11233	11289	11212	11230	11221	11293	11220	11275		---441
401	11251	11273	11261	11317	11240	11258	11249	11321	11248		---442
11303	402	11279	11301	11289	11345	11268	11286	11277	11349		---443
11276	11331	403	11307	11329	11317	11373	11296	11314	11305		---444
11377	11304	11359	404	