1 1
2 6 
5 18 
6 22 
7 28 
10 23
40 36
12 46 
13 31 
15 36 
17 41 
19 46 
21 51 
23 56 
25 61 
27 66 
29 71 
31 76 
33 81 
35 86 
37 91 
39 96 
41 101 
43 106 
45 111 
47 116 
49 121 
51 126 
53 131 
55 136 
57 141 
59 146 
61 151 
63 156 
65 161 
67 166 
69 171 
71 176 
73 181 
75 186 
77 191 
79 196 
81 201 
83 206 
85 211 
87 216 
89 221 
91 226 
93 231 
95 236 
97 241 
99 246 
101 251 
103 256 
105 261 
107 266 
109 271 
111 276 
113 281 
115 286 
117 291 
119 296 
121 301 
123 306 
125 311 
127 316 
129 321 
131 326 
133 331 
135 336 
137 341 
139 346 
141 351 
143 356 
145 361 
147 366 
149 371 
151 376 
153 381 
155 386 
157 391 
159 396 
161 401 
163 406 
165 411 
167 416 
169 421 
171 426 
173 431 
175 436 
177 441 
179 446 
181 451 
183 456 
185 461 
187 466 
189 471 
191 476 
193 481 
195 486 
197 491 
199 496 
201 501 
203 506 
205 511 
207 516 
209 521 
211 526 
213 531 
215 536 
217 541 
219 546 
221 551 
223 556 
225 561 
227 566 
229 571 
231 576 
233 581 
235 586 
237 591 
239 596 
241 601 
243 606 
245 611 
247 616 
249 621 
251 626 
253 631 
255 636 
257 641 
259 646 
261 651 
263 656 
265 661 
267 666 
269 671 
271 676 
273 681 
275 686 
277 691 
279 696 
281 701 
283 706 
285 711 
287 716 
289 721 
291 726 
293 731 
295 736 
297 741 
299 746 
301 751 
303 756 
305 761 
307 766 
309 771 
311 776 
313 781 
315 786 
317 791 
319 796 
321 801 
323 806 
325 811 
327 816 
329 821 
331 826 
333 831 
335 836 
337 841 
339 846 
341 851 
343 856 
345 861 
347 866 
349 871 
