4	10	3	5	1	2	9	15	20	6	--1
13	19	12	14	10	11	18	24	29	15	--2
22	28	21	23	19	20	27	33	38	24	--3
31	37	30	32	28	29	36	42	47	33	--4
40	46	39	41	37	38	45	51	56	42	--5
49	55	48	50	46	47	54	60	65	51	--6
58	64	57	59	55	56	63	69	74	60	--7
67	73	66	68	64	65	72	78	83	69	--8
76	82	75	77	73	74	81	87	92	78	--9
85	91	84	86	82	83	90	96	101	87	--10
94	100	93	95	91	92	99	105	110	96	--11
103	109	102	104	100	101	108	114	119	105	--12
112	118	111	113	109	110	117	123	128	114	--13
121	127	120	122	118	119	126	132	137	123	--14
130	136	129	131	127	128	135	141	146	132	--15
139	145	138	140	136	137	144	150	155	141	--16
148	154	147	149	145	146	153	159	164	150	--17
157	163	156	158	154	155	162	168	173	159	--18
166	172	165	167	163	164	171	177	182	168	--19
175	181	174	176	172	173	180	186	191	177	--20
184	190	183	185	181	182	189	195	200	186	--21
193	199	192	194	190	191	198	204	209	195	--22
202	208	201	203	199	200	207	213	218	204	--23
211	217	210	212	208	209	216	222	227	213	--24
220	226	219	221	217	218	225	231	236	222	--25
229	235	228	230	226	227	234	240	245	231	--26
238	244	237	239	235	236	243	249	254	240	--27
247	253	246	248	244	245	252	258	263	249	--28
256	262	255	257	253	254	261	267	272	258	--29
265	271	264	266	262	263	270	276	281	267	--30
274	280	273	275	271	272	279	285	290	276	--31
283	289	282	284	280	281	288	294	299	285	--32
292	298	291	293	289	290	297	303	308	294	--33
301	307	300	302	298	299	306	312	317	303	--34
310	316	309	311	307	308	315	321	326	312	--35
319	325	318	320	316	317	324	330	335	321	--36
328	334	327	329	325	326	333	339	344	330	--37
337	343	336	338	334	335	342	348	353	339	--38
346	352	345	347	343	344	351	357	362	348	--39
355	361	354	356	352	353	360	366	371	357	--40
364	370	363	365	361	362	369	375	380	366	--41
373	379	372	374	370	371	378	384	389	375	--42
382	388	381	383	379	380	387	393	398	384	--43
391	397	390	392	388	389	396	402	407	393	--44
400	406	399	401	397	398	405	411	416	402	--45
409	415	408	410	406	407	414	420	425	411	--46
418	424	417	419	415	416	423	429	434	420	--47
427	433	426	428	424	425	432	438	443	429	--48
436	442	435	437	433	434	441	447	452	438	--49
445	451	444	446	442	443	450	456	461	447	--50
454	460	453	455	451	452	459	465	470	456	--51
463	469	462	464	460	461	468	474	479	465	--52
472	478	471	473	469	470	477	483	488	474	--53
481	487	480	482	478	479	486	492	497	483	--54
490	496	489	491	487	488	495	501	506	492	--55
499	505	498	500	496	497	504	510	515	501	--56
508	514	507	509	505	506	513	519	524	510	--57
517	523	516	518	514	515	522	528	533	519	--58
526	532	525	527	523	524	531	537	542	528	--59
535	541	534	536	532	533	540	546	551	537	--60
544	550	543	545	541	542	549	555	560	546	--61
553	559	552	554	550	551	558	564	569	555	--62
562	568	561	563	559	560	567	573	578	564	--63
571	577	570	572	568	569	576	582	587	573	--64
580	586	579	581	577	578	585	591	596	582	--65
589	595	588	590	586	587	594	600	605	591	--66
598	604	597	599	595	596	603	609	614	600	--67
607	613	606	608	604	605	612	618	623	609	--68
616	622	615	617	613	614	621	627	632	618	--69
625	631	624	626	622	623	630	636	641	627	--70
634	640	633	635	631	632	639	645	650	636	--71
643	649	642	644	640	641	648	654	659	645	--72
652	658	651	653	649	650	657	663	668	654	--73
661	667	660	662	658	659	666	672	677	663	--74
670	676	669	671	667	668	675	681	686	672	--75
679	685	678	680	676	677	684	690	695	681	--76
688	694	687	689	685	686	693	699	704	690	--77
697	703	696	698	694	695	702	708	713	699	--78
706	712	705	707	703	704	711	717	722	708	--79
715	721	714	716	712	713	720	726	731	717	--80
724	730	723	725	721	722	729	735	740	726	--81
733	739	732	734	730	731	738	744	749	735	--82
742	748	741	743	739	740	747	753	758	744	--83
751	757	750	752	748	749	756	762	767	753	--84
760	766	759	761	757	758	765	771	776	762	--85
769	775	768	770	766	767	774	780	785	771	--86
778	784	777	779	775	776	783	789	794	780	--87
787	793	786	788	784	785	792	798	803	789	--88
796	802	795	797	793	794	801	807	812	798	--89
805	811	804	806	802	803	810	816	821	807	--90
814	820	813	815	811	812	819	825	830	816	--91
823	829	822	824	820	821	828	834	839	825	--92
832	838	831	833	829	830	837	843	848	834	--93
841	847	840	842	838	839	846	852	857	843	--94
850	856	849	851	847	848	855	861	866	852	--95
859	865	858	860	856	857	864	870	875	861	--96
868	874	867	869	865	866	873	879	884	870	--97
877	883	876	878	874	875	882	888	893	879	--98
886	892	885	887	883	884	891	897	902	888	--99
895	901	894	896	892	893	900	906	911	897	--100
904	910	903	905	901	902	909	915	920	906	--101
913	919	912	914	910	911	918	924	929	915	--102
922	928	921	923	919	920	927	933	938	924	--103
931	937	930	932	928	929	936	942	947	933	--104
940	946	939	941	937	938	945	951	956	942	--105
949	955	948	950	946	947	954	960	965	951	--106
958	964	957	959	955	956	963	969	974	960	--107
967	973	966	968	964	965	972	978	983	969	--108
976	982	975	977	973	974	981	987	992	978	--109
985	991	984	986	982	983	990	996	1001	987	--110
994	1000	993	995	991	992	999	1005	1010	996	--111
1003	1009	1002	1004	1000	1001	1008	1014	1019	1005	--112
1012	1018	1011	1013	1009	1010	1017	1023	1028	1014	--113
1021	1027	1020	1022	1018	1019	1026	1032	1037	1023	--114
1030	1036	1029	1031	1027	1028	1035	1041	1046	1032	--115
1039	1045	1038	1040	1036	1037	1044	1050	1055	1041	--116
1048	1054	1047	1049	1045	1046	1053	1059	1064	1050	--117
1057	1063	1056	1058	1054	1055	1062	1068	1073	1059	--118
1066	1072	1065	1067	1063	1064	1071	1077	1082	1068	--119
1075	1081	1074	1076	1072	1073	1080	1086	1091	1077	--120
1084	1090	1083	1085	1081	1082	1089	1095	1100	1086	--121
1093	1099	1092	1094	1090	1091	1098	1104	1109	1095	--122
1102	1108	1101	1103	1099	1100	1107	1113	1118	1104	--123
1111	1117	1110	1112	1108	1109	1116	1122	1127	1113	--124
1120	1126	1119	1121	1117	1118	1125	1131	1136	1122	--125
1129	1135	1128	1130	1126	1127	1134	1140	1145	1131	--126
1138	1144	1137	1139	1135	1136	1143	1149	1154	1140	--127
1147	1153	1146	1148	1144	1145	1152	1158	1163	1149	--128
1156	1162	1155	1157	1153	1154	1161	1167	1172	1158	--129
1165	1171	1164	1166	1162	1163	1170	1176	1181	1167	--130
1174	1180	1173	1175	1171	1172	1179	1185	1190	1176	--131
1183	1189	1182	1184	1180	1181	1188	1194	1199	1185	--132
1192	1198	1191	1193	1189	1190	1197	1203	1208	1194	--133
1201	1207	1200	1202	1198	1199	1206	1212	1217	1203	--134
1210	1216	1209	1211	1207	1208	1215	1221	1226	1212	--135
1219	1225	1218	1220	1216	1217	1224	1230	1235	1221	--136
1228	1234	1227	1229	1225	1226	1233	1239	1244	1230	--137
1237	1243	1236	1238	1234	1235	1242	1248	1253	1239	--138
1246	1252	1245	1247	1243	1244	1251	1257	1262	1248	--139
1255	1261	1254	1256	1252	1253	1260	1266	1271	1257	--140
1264	1270	1263	1265	1261	1262	1269	1275	1280	1266	--141
1273	1279	1272	1274	1270	1271	1278	1284	1289	1275	--142
1282	1288	1281	1283	1279	1280	1287	1293	1298	1284	--143
1291	1297	1290	1292	1288	1289	1296	1302	1307	1293	--144
1300	1306	1299	1301	1297	1298	1305	1311	1316	1302	--145
1309	1315	1308	1310	1306	1307	1314	1320	1325	1311	--146
1318	1324	1317	1319	1315	1316	1323	1329	1334	1320	--147
1327	1333	1326	1328	1324	1325	1332	1338	1343	1329	--148
1336	1342	1335	1337	1333	1334	1341	1347	1352	1338	--149
1345	1351	1344	1346	1342	1343	1350	1356	1361	1347	--150
1354	1360	1353	1355	1351	1352	1359	1365	1370	1356	--151
1363	1369	1362	1364	1360	1361	1368	1374	1379	1365	--152
1372	1378	1371	1373	1369	1370	1377	1383	1388	1374	--153
1381	1387	1380	1382	1378	1379	1386	1392	1397	1383	--154
1390	1396	1389	1391	1387	1388	1395	1401	1406	1392	--155
1399	1405	1398	1400	1396	1397	1404	1410	1415	1401	--156
1408	1414	1407	1409	1405	1406	1413	1419	1424	1410	--157
1417	1423	1416	1418	1414	1415	1422	1428	1433	1419	--158
1426	1432	1425	1427	1423	1424	1431	1437	1442	1428	--159
1435	1441	1434	1436	1432	1433	1440	1446	1451	1437	--160
1444	1450	1443	1445	1441	1442	1449	1455	1460	1446	--161
1453	1459	1452	1454	1450	1451	1458	1464	1469	1455	--162
1462	1468	1461	1463	1459	1460	1467	1473	1478	1464	--163
1471	1477	1470	1472	1468	1469	1476	1482	1487	1473	--164
1480	1486	1479	1481	1477	1478	1485	1491	1496	1482	--165
1489	1495	1488	1490	1486	1487	1494	1500	1505	1491	--166
1498	1504	1497	1499	1495	1496	1503	1509	1514	1500	--167
1507	1513	1506	1508	1504	1505	1512	1518	1523	1509	--168
1516	1522	1515	1517	1513	1514	1521	1527	1532	1518	--169
1525	1531	1524	1526	1522	1523	1530	1536	1541	1527	--170
1534	1540	1533	1535	1531	1532	1539	1545	1550	1536	--171
1543	1549	1542	1544	1540	1541	1548	1554	1559	1545	--172
1552	1558	1551	1553	1549	1550	1557	1563	1568	1554	--173
1561	1567	1560	1562	1558	1559	1566	1572	1577	1563	--174
1570	1576	1569	1571	1567	1568	1575	1581	1586	1572	--175
1579	1585	1578	1580	1576	1577	1584	1590	1595	1581	--176
1588	1594	1587	1589	1585	1586	1593	1599	1604	1590	--177
1597	1603	1596	1598	1594	1595	1602	1608	1613	1599	--178
1606	1612	1605	1607	1603	1604	1611	1617	1622	1608	--179
1615	1621	1614	1616	1612	1613	1620	1626	1631	1617	--180
1624	1630	1623	1625	1621	1622	1629	1635	1640	1626	--181
1633	1639	1632	1634	1630	1631	1638	1644	1649	1635	--182
1642	1648	1641	1643	1639	1640	1647	1653	1658	1644	--183
1651	1657	1650	1652	1648	1649	1656	1662	1667	1653	--184
1660	1666	1659	1661	1657	1658	1665	1671	1676	1662	--185
1669	1675	1668	1670	1666	1667	1674	1680	1685	1671	--186
1678	1684	1677	1679	1675	1676	1683	1689	1694	1680	--187
1687	1693	1686	1688	1684	1685	1692	1698	1703	1689	--188
1696	1702	1695	1697	1693	1694	1701	1707	1712	1698	--189
1705	1711	1704	1706	1702	1703	1710	1716	1721	1707	--190
1714	1720	1713	1715	1711	1712	1719	1725	1730	1716	--191
1723	1729	1722	1724	1720	1721	1728	1734	1739	1725	--192
1732	1738	1731	1733	1729	1730	1737	1743	1748	1734	--193
1741	1747	1740	1742	1738	1739	1746	1752	1757	1743	--194
1750	1756	1749	1751	1747	1748	1755	1761	1766	1752	--195
1759	1765	1758	1760	1756	1757	1764	1770	1775	1761	--196
1768	1774	1767	1769	1765	1766	1773	1779	1784	1770	--197
1777	1783	1776	1778	1774	1775	1782	1788	1793	1779	--198
1786	1792	1785	1787	1783	1784	1791	1797	1802	1788	--199
1795	1801	1794	1796	1792	1793	1800	1806	1811	1797	--200
1804	1810	1803	1805	1801	1802	1809	1815	1820	1806	--201
1813	1819	1812	1814	1810	1811	1818	1824	1829	1815	--202
1822	1828	1821	1823	1819	1820	1827	1833	1838	1824	--203
1831	1837	1830	1832	1828	1829	1836	1842	1847	1833	--204
1840	1846	1839	1841	1837	1838	1845	1851	1856	1842	--205
1849	1855	1848	1850	1846	1847	1854	1860	1865	1851	--206
1858	1864	1857	1859	1855	1856	1863	1869	1874	1860	--207
1867	1873	1866	1868	1864	1865	1872	1878	1883	1869	--208
1876	1882	1875	1877	1873	1874	1881	1887	1892	1878	--209
1885	1891	1884	1886	1882	1883	1890	1896	1901	1887	--210
1894	1900	1893	1895	1891	1892	1899	1905	1910	1896	--211
1903	1909	1902	1904	1900	1901	1908	1914	1919	1905	--212
1912	1918	1911	1913	1909	1910	1917	1923	1928	1914	--213
1921	1927	1920	1922	1918	1919	1926	1932	1937	1923	--214
1930	1936	1929	1931	1927	1928	1935	1941	1946	1932	--215
1939	1945	1938	1940	1936	1937	1944	1950	1955	1941	--216
1948	1954	1947	1949	1945	1946	1953	1959	1964	1950	--217
1957	1963	1956	1958	1954	1955	1962	1968	1973	1959	--218
1966	1972	1965	1967	1963	1964	1971	1977	1982	1968	--219
1975	1981	1974	1976	1972	1973	1980	1986	1991	1977	--220
1984	1990	1983	1985	1981	1982	1989	1995	2000	1986	--221
1993	1999	1992	1994	1990	1991	1998	2004	2009	1995	--222
2002	2008	2001	2003	1999	2000	2007	2013	2018	2004	--223
2011	2017	2010	2012	2008	2009	2016	2022	2027	2013	--224
2020	2026	2019	2021	2017	2018	2025	2031	2036	2022	--225
2029	2035	2028	2030	2026	2027	2034	2040	2045	2031	--226
2038	2044	2037	2039	2035	2036	2043	2049	2054	2040	--227
2047	2053	2046	2048	2044	2045	2052	2058	2063	2049	--228
2056	2062	2055	2057	2053	2054	2061	2067	2072	2058	--229
2065	2071	2064	2066	2062	2063	2070	2076	2081	2067	--230
2074	2080	2073	2075	2071	2072	2079	2085	2090	2076	--231
2083	2089	2082	2084	2080	2081	2088	2094	2099	2085	--232
2092	2098	2091	2093	2089	2090	2097	2103	2108	2094	--233
2101	2107	2100	2102	2098	2099	2106	2112	2117	2103	--234
2110	2116	2109	2111	2107	2108	2115	2121	2126	2112	--235
2119	2125	2118	2120	2116	2117	2124	2130	2135	2121	--236
2128	2134	2127	2129	2125	2126	2133	2139	2144	2130	--237
2137	2143	2136	2138	2134	2135	2142	2148	2153	2139	--238
2146	2152	2145	2147	2143	2144	2151	2157	2162	2148	--239
2155	2161	2154	2156	2152	2153	2160	2166	2171	2157	--240
2164	2170	2163	2165	2161	2162	2169	2175	2180	2166	--241
2173	2179	2172	2174	2170	2171	2178	2184	2189	2175	--242
2182	2188	2181	2183	2179	2180	2187	2193	2198	2184	--243
2191	2197	2190	2192	2188	2189	2196	2202	2207	2193	--244
2200	2206	2199	2201	2197	2198	2205	2211	2216	2202	--245
2209	2215	2208	2210	2206	2207	2214	2220	2225	2211	--246
2218	2224	2217	2219	2215	2216	2223	2229	2234	2220	--247
2227	2233	2226	2228	2224	2225	2232	2238	2243	2229	--248
2236	2242	2235	2237	2233	2234	2241	2247	2252	2238	--249
2245	2251	2244	2246	2242	2243	2250	2256	2261	2247	--250
2254	2260	2253	2255	2251	2252	2259	2265	2270	2256	--251
2263	2269	2262	2264	2260	2261	2268	2274	2279	2265	--252
2272	2278	2271	2273	2269	2270	2277	2283	2288	2274	--253
2281	2287	2280	2282	2278	2279	2286	2292	2297	2283	--254
2290	2296	2289	2291	2287	2288	2295	2301	2306	2292	--255
2299	2305	2298	2300	2296	2297	2304	2310	2315	2301	--256
2308	2314	2307	2309	2305	2306	2313	2319	2324	2310	--257
2317	2323	2316	2318	2314	2315	2322	2328	2333	2319	--258
2326	2332	2325	2327	2323	2324	2331	2337	2342	2328	--259
2335	2341	2334	2336	2332	2333	2340	2346	2351	2337	--260
2344	2350	2343	2345	2341	2342	2349	2355	2360	2346	--261
2353	2359	2352	2354	2350	2351	2358	2364	2369	2355	--262
2362	2368	2361	2363	2359	2360	2367	2373	2378	2364	--263
2371	2377	2370	2372	2368	2369	2376	2382	2387	2373	--264
2380	2386	2379	2381	2377	2378	2385	2391	2396	2382	--265
2389	2395	2388	2390	2386	2387	2394	2400	2405	2391	--266
2398	2404	2397	2399	2395	2396	2403	2409	2414	2400	--267
2407	2413	2406	2408	2404	2405	2412	2418	2423	2409	--268
2416	2422	2415	2417	2413	2414	2421	2427	2432	2418	--269
2425	2431	2424	2426	2422	2423	2430	2436	2441	2427	--270
2434	2440	2433	2435	2431	2432	2439	2445	2450	2436	--271
2443	2449	2442	2444	2440	2441	2448	2454	2459	2445	--272
2452	2458	2451	2453	2449	2450	2457	2463	2468	2454	--273
2461	2467	2460	2462	2458	2459	2466	2472	2477	2463	--274
2470	2476	2469	2471	2467	2468	2475	2481	2486	2472	--275
2479	2485	2478	2480	2476	2477	2484	2490	2495	2481	--276
2488	2494	2487	2489	2485	2486	2493	2499	2504	2490	--277
2497	2503	2496	2498	2494	2495	2502	2508	2513	2499	--278
2506	2512	2505	2507	2503	2504	2511	2517	2522	2508	--279
2515	2521	2514	2516	2512	2513	2520	2526	2531	2517	--280
2524	2530	2523	2525	2521	2522	2529	2535	2540	2526	--281
2533	2539	2532	2534	2530	2531	2538	2544	2549	2535	--282
2542	2548	2541	2543	2539	2540	2547	2553	2558	2544	--283
2551	2557	2550	2552	2548	2549	2556	2562	2567	2553	--284
2560	2566	2559	2561	2557	2558	2565	2571	2576	2562	--285
2569	2575	2568	2570	2566	2567	2574	2580	2585	2571	--286
2578	2584	2577	2579	2575	2576	2583	2589	2594	2580	--287
2587	2593	2586	2588	2584	2585	2592	2598	2603	2589	--288
2596	2602	2595	2597	2593	2594	2601	2607	2612	2598	--289
2605	2611	2604	2606	2602	2603	2610	2616	2621	2607	--290
2614	2620	2613	2615	2611	2612	2619	2625	2630	2616	--291
2623	2629	2622	2624	2620	2621	2628	2634	2639	2625	--292
2632	2638	2631	2633	2629	2630	2637	2643	2648	2634	--293
2641	2647	2640	2642	2638	2639	2646	2652	2657	2643	--294
2650	2656	2649	2651	2647	2648	2655	2661	2666	2652	--295
2659	2665	2658	2660	2656	2657	2664	2670	2675	2661	--296
2668	2674	2667	2669	2665	2666	2673	2679	2684	2670	--297
2677	2683	2676	2678	2674	2675	2682	2688	2693	2679	--298
2686	2692	2685	2687	2683	2684	2691	2697	2702	2688	--299
2695	2701	2694	2696	2692	2693	2700	2706	2711	2697	--300
