1	2	3	4	5	6	9	10	10	11	--1
12	13	14	15	15	18	19	19	20	20	--2
21	22	23	24	24	27	28	28	29	29	--3
30	31	32	33	33	36	37	37	38	38	--4
39	40	41	42	42	45	46	46	47	47	--5
48	49	50	51	51	54	55	55	56	56	--6
57	58	59	60	60	63	64	64	65	65	--7
66	67	68	69	69	72	73	73	74	74	--8
75	76	77	78	78	81	82	82	83	83	--9
84	85	86	87	87	90	91	91	92	92	--10
93	94	95	96	96	99	100	100	101	101	--11
102	103	104	105	105	108	109	109	110	110	--12
111	112	113	114	114	117	118	118	119	119	--13
120	121	122	123	123	126	127	127	128	128	--14
129	130	131	132	132	135	136	136	137	137	--15
138	139	140	141	141	144	145	145	146	146	--16
147	148	149	150	150	153	154	154	155	155	--17
156	157	158	159	159	162	163	163	164	164	--18
165	166	167	168	168	171	172	172	173	173	--19
174	175	176	177	177	180	181	181	182	182	--20
183	184	185	186	186	189	190	190	191	191	--21
192	193	194	195	195	198	199	199	200	200	--22
201	202	203	204	204	207	208	208	209	209	--23
210	211	212	213	213	216	217	217	218	218	--24
219	220	221	222	222	225	226	226	227	227	--25
228	229	230	231	231	234	235	235	236	236	--26
237	238	239	240	240	243	244	244	245	245	--27
246	247	248	249	249	252	253	253	254	254	--28
255	256	257	258	258	261	262	262	263	263	--29
264	265	266	267	267	270	271	271	272	272	--30
273	274	275	276	276	279	280	280	281	281	--31
282	283	284	285	285	288	289	289	290	290	--32
291	292	293	294	294	297	298	298	299	299	--33
300	301	302	303	303	306	307	307	308	308	--34
309	310	311	312	312	315	316	316	317	317	--35
318	319	320	321	321	324	325	325	326	326	--36
327	328	329	330	330	333	334	334	335	335	--37
336	337	338	339	339	342	343	343	344	344	--38
345	346	347	348	348	351	352	352	353	353	--39
354	355	356	357	357	360	361	361	362	362	--40
363	364	365	366	366	369	370	370	371	371	--41
372	373	374	375	375	378	379	379	380	380	--42
381	382	383	384	384	387	388	388	389	389	--43
390	391	392	393	393	396	397	397	398	398	--44
399	400	401	402	402	405	406	406	407	407	--45
408	409	410	411	411	414	415	415	416	416	--46
417	418	419	420	420	423	424	424	425	425	--47
426	427	428	429	429	432	433	433	434	434	--48
435	436	437	438	438	441	442	442	443	443	--49
444	445	446	447	447	450	451	451	452	452	--50
453	454	455	456	456	459	460	460	461	461	--51
462	463	464	465	465	468	469	469	470	470	--52
471	472	473	474	474	477	478	478	479	479	--53
480	481	482	483	483	486	487	487	488	488	--54
489	490	491	492	492	495	496	496	497	497	--55
498	499	500	501	501	504	505	505	506	506	--56
507	508	509	510	510	513	514	514	515	515	--57
516	517	518	519	519	522	523	523	524	524	--58
525	526	527	528	528	531	532	532	533	533	--59
534	535	536	537	537	540	541	541	542	542	--60
543	544	545	546	546	549	550	550	551	551	--61
552	553	554	555	555	558	559	559	560	560	--62
561	562	563	564	564	567	568	568	569	569	--63
570	571	572	573	573	576	577	577	578	578	--64
579	580	581	582	582	585	586	586	587	587	--65
588	589	590	591	591	594	595	595	596	596	--66
597	598	599	600	600	603	604	604	605	605	--67
606	607	608	609	609	612	613	613	614	614	--68
615	616	617	618	618	621	622	622	623	623	--69
624	625	626	627	627	630	631	631	632	632	--70
633	634	635	636	636	639	640	640	641	641	--71
642	643	644	645	645	648	649	649	650	650	--72
651	652	653	654	654	657	658	658	659	659	--73
660	661	662	663	663	666	667	667	668	668	--74
669	670	671	672	672	675	676	676	677	677	--75
678	679	680	681	681	684	685	685	686	686	--76
687	688	689	690	690	693	694	694	695	695	--77
696	697	698	699	699	702	703	703	704	704	--78
705	706	707	708	708	711	712	712	713	713	--79
714	715	716	717	717	720	721	721	722	722	--80
723	724	725	726	726	729	730	730	731	731	--81
732	733	734	735	735	738	739	739	740	740	--82
741	742	743	744	744	747	748	748	749	749	--83
750	751	752	753	753	756	757	757	758	758	--84
759	760	761	762	762	765	766	766	767	767	--85
768	769	770	771	771	774	775	775	776	776	--86
777	778	779	780	780	783	784	784	785	785	--87
786	787	788	789	789	792	793	793	794	794	--88
795	796	797	798	798	801	802	802	803	803	--89
804	805	806	807	807	810	811	811	812	812	--90
813	814	815	816	816	819	820	820	821	821	--91
822	823	824	825	825	828	829	829	830	830	--92
831	832	833	834	834	837	838	838	839	839	--93
840	841	842	843	843	846	847	847	848	848	--94
849	850	851	852	852	855	856	856	857	857	--95
858	859	860	861	861	864	865	865	866	866	--96
867	868	869	870	870	873	874	874	875	875	--97
876	877	878	879	879	882	883	883	884	884	--98
885	886	887	888	888	891	892	892	893	893	--99
894	895	896	897	897	900	901	901	902	902	--100
903	904	905	906	906	909	910	910	911	911	--101
912	913	914	915	915	918	919	919	920	920	--102
921	922	923	924	924	927	928	928	929	929	--103
930	931	932	933	933	936	937	937	938	938	--104
939	940	941	942	942	945	946	946	947	947	--105
948	949	950	951	951	954	955	955	956	956	--106
957	958	959	960	960	963	964	964	965	965	--107
966	967	968	969	969	972	973	973	974	974	--108
975	976	977	978	978	981	982	982	983	983	--109
984	985	986	987	987	990	991	991	992	992	--110
993	994	995	996	996	999	1000	1000	1001	1001	--111
1002	1003	1004	1005	1005	1008	1009	1009	1010	1010	--112
1011	1012	1013	1014	1014	1017	1018	1018	1019	1019	--113
1020	1021	1022	1023	1023	1026	1027	1027	1028	1028	--114
1029	1030	1031	1032	1032	1035	1036	1036	1037	1037	--115
1038	1039	1040	1041	1041	1044	1045	1045	1046	1046	--116
1047	1048	1049	1050	1050	1053	1054	1054	1055	1055	--117
1056	1057	1058	1059	1059	1062	1063	1063	1064	1064	--118
1065	1066	1067	1068	1068	1071	1072	1072	1073	1073	--119
1074	1075	1076	1077	1077	1080	1081	1081	1082	1082	--120
1083	1084	1085	1086	1086	1089	1090	1090	1091	1091	--121
1092	1093	1094	1095	1095	1098	1099	1099	1100	1100	--122
1101	1102	1103	1104	1104	1107	1108	1108	1109	1109	--123
1110	1111	1112	1113	1113	1116	1117	1117	1118	1118	--124
1119	1120	1121	1122	1122	1125	1126	1126	1127	1127	--125
1128	1129	1130	1131	1131	1134	1135	1135	1136	1136	--126
1137	1138	1139	1140	1140	1143	1144	1144	1145	1145	--127
1146	1147	1148	1149	1149	1152	1153	1153	1154	1154	--128
1155	1156	1157	1158	1158	1161	1162	1162	1163	1163	--129
1164	1165	1166	1167	1167	1170	1171	1171	1172	1172	--130
1173	1174	1175	1176	1176	1179	1180	1180	1181	1181	--131
1182	1183	1184	1185	1185	1188	1189	1189	1190	1190	--132
1191	1192	1193	1194	1194	1197	1198	1198	1199	1199	--133
1200	1201	1202	1203	1203	1206	1207	1207	1208	1208	--134
1209	1210	1211	1212	1212	1215	1216	1216	1217	1217	--135
1218	1219	1220	1221	1221	1224	1225	1225	1226	1226	--136
1227	1228	1229	1230	1230	1233	1234	1234	1235	1235	--137
1236	1237	1238	1239	1239	1242	1243	1243	1244	1244	--138
1245	1246	1247	1248	1248	1251	1252	1252	1253	1253	--139
1254	1255	1256	1257	1257	1260	1261	1261	1262	1262	--140
1263	1264	1265	1266	1266	1269	1270	1270	1271	1271	--141
1272	1273	1274	1275	1275	1278	1279	1279	1280	1280	--142
1281	1282	1283	1284	1284	1287	1288	1288	1289	1289	--143
1290	1291	1292	1293	1293	1296	1297	1297	1298	1298	--144
1299	1300	1301	1302	1302	1305	1306	1306	1307	1307	--145
1308	1309	1310	1311	1311	1314	1315	1315	1316	1316	--146
1317	1318	1319	1320	1320	1323	1324	1324	1325	1325	--147
1326	1327	1328	1329	1329	1332	1333	1333	1334	1334	--148
1335	1336	1337	1338	1338	1341	1342	1342	1343	1343	--149
1344	1345	1346	1347	1347	1350	1351	1351	1352	1352	--150
1353	1354	1355	1356	1356	1359	1360	1360	1361	1361	--151
1362	1363	1364	1365	1365	1368	1369	1369	1370	1370	--152
1371	1372	1373	1374	1374	1377	1378	1378	1379	1379	--153
1380	1381	1382	1383	1383	1386	1387	1387	1388	1388	--154
1389	1390	1391	1392	1392	1395	1396	1396	1397	1397	--155
1398	1399	1400	1401	1401	1404	1405	1405	1406	1406	--156
1407	1408	1409	1410	1410	1413	1414	1414	1415	1415	--157
1416	1417	1418	1419	1419	1422	1423	1423	1424	1424	--158
1425	1426	1427	1428	1428	1431	1432	1432	1433	1433	--159
1434	1435	1436	1437	1437	1440	1441	1441	1442	1442	--160
1443	1444	1445	1446	1446	1449	1450	1450	1451	1451	--161
1452	1453	1454	1455	1455	1458	1459	1459	1460	1460	--162
1461	1462	1463	1464	1464	1467	1468	1468	1469	1469	--163
1470	1471	1472	1473	1473	1476	1477	1477	1478	1478	--164
1479	1480	1481	1482	1482	1485	1486	1486	1487	1487	--165
1488	1489	1490	1491	1491	1494	1495	1495	1496	1496	--166
1497	1498	1499	1500	1500	1503	1504	1504	1505	1505	--167
1506	1507	1508	1509	1509	1512	1513	1513	1514	1514	--168
1515	1516	1517	1518	1518	1521	1522	1522	1523	1523	--169
1524	1525	1526	1527	1527	1530	1531	1531	1532	1532	--170
1533	1534	1535	1536	1536	1539	1540	1540	1541	1541	--171
1542	1543	1544	1545	1545	1548	1549	1549	1550	1550	--172
1551	1552	1553	1554	1554	1557	1558	1558	1559	1559	--173
1560	1561	1562	1563	1563	1566	1567	1567	1568	1568	--174
1569	1570	1571	1572	1572	1575	1576	1576	1577	1577	--175
1578	1579	1580	1581	1581	1584	1585	1585	1586	1586	--176
1587	1588	1589	1590	1590	1593	1594	1594	1595	1595	--177
1596	1597	1598	1599	1599	1602	1603	1603	1604	1604	--178
1605	1606	1607	1608	1608	1611	1612	1612	1613	1613	--179
1614	1615	1616	1617	1617	1620	1621	1621	1622	1622	--180
1623	1624	1625	1626	1626	1629	1630	1630	1631	1631	--181
1632	1633	1634	1635	1635	1638	1639	1639	1640	1640	--182
1641	1642	1643	1644	1644	1647	1648	1648	1649	1649	--183
1650	1651	1652	1653	1653	1656	1657	1657	1658	1658	--184
1659	1660	1661	1662	1662	1665	1666	1666	1667	1667	--185
1668	1669	1670	1671	1671	1674	1675	1675	1676	1676	--186
1677	1678	1679	1680	1680	1683	1684	1684	1685	1685	--187
1686	1687	1688	1689	1689	1692	1693	1693	1694	1694	--188
1695	1696	1697	1698	1698	1701	1702	1702	1703	1703	--189
1704	1705	1706	1707	1707	1710	1711	1711	1712	1712	--190
1713	1714	1715	1716	1716	1719	1720	1720	1721	1721	--191
1722	1723	1724	1725	1725	1728	1729	1729	1730	1730	--192
1731	1732	1733	1734	1734	1737	1738	1738	1739	1739	--193
1740	1741	1742	1743	1743	1746	1747	1747	1748	1748	--194
1749	1750	1751	1752	1752	1755	1756	1756	1757	1757	--195
1758	1759	1760	1761	1761	1764	1765	1765	1766	1766	--196
1767	1768	1769	1770	1770	1773	1774	1774	1775	1775	--197
1776	1777	1778	1779	1779	1782	1783	1783	1784	1784	--198
1785	1786	1787	1788	1788	1791	1792	1792	1793	1793	--199
1794	1795	1796	1797	1797	1800	1801	1801	1802	1802	--200
1803	1804	1805	1806	1806	1809	1810	1810	1811	1811	--201
1812	1813	1814	1815	1815	1818	1819	1819	1820	1820	--202
1821	1822	1823	1824	1824	1827	1828	1828	1829	1829	--203
1830	1831	1832	1833	1833	1836	1837	1837	1838	1838	--204
1839	1840	1841	1842	1842	1845	1846	1846	1847	1847	--205
1848	1849	1850	1851	1851	1854	1855	1855	1856	1856	--206
1857	1858	1859	1860	1860	1863	1864	1864	1865	1865	--207
1866	1867	1868	1869	1869	1872	1873	1873	1874	1874	--208
1875	1876	1877	1878	1878	1881	1882	1882	1883	1883	--209
1884	1885	1886	1887	1887	1890	1891	1891	1892	1892	--210
1893	1894	1895	1896	1896	1899	1900	1900	1901	1901	--211
1902	1903	1904	1905	1905	1908	1909	1909	1910	1910	--212
1911	1912	1913	1914	1914	1917	1918	1918	1919	1919	--213
1920	1921	1922	1923	1923	1926	1927	1927	1928	1928	--214
1929	1930	1931	1932	1932	1935	1936	1936	1937	1937	--215
1938	1939	1940	1941	1941	1944	1945	1945	1946	1946	--216
1947	1948	1949	1950	1950	1953	1954	1954	1955	1955	--217
1956	1957	1958	1959	1959	1962	1963	1963	1964	1964	--218
1965	1966	1967	1968	1968	1971	1972	1972	1973	1973	--219
1974	1975	1976	1977	1977	1980	1981	1981	1982	1982	--220
1983	1984	1985	1986	1986	1989	1990	1990	1991	1991	--221
1992	1993	1994	1995	1995	1998	1999	1999	2000	2000	--222
2001	2002	2003	2004	2004	2007	2008	2008	2009	2009	--223
2010	2011	2012	2013	2013	2016	2017	2017	2018	2018	--224
2019	2020	2021	2022	2022	2025	2026	2026	2027	2027	--225
2028	2029	2030	2031	2031	2034	2035	2035	2036	2036	--226
2037	2038	2039	2040	2040	2043	2044	2044	2045	2045	--227
2046	2047	2048	2049	2049	2052	2053	2053	2054	2054	--228
2055	2056	2057	2058	2058	2061	2062	2062	2063	2063	--229
2064	2065	2066	2067	2067	2070	2071	2071	2072	2072	--230
2073	2074	2075	2076	2076	2079	2080	2080	2081	2081	--231
2082	2083	2084	2085	2085	2088	2089	2089	2090	2090	--232
2091	2092	2093	2094	2094	2097	2098	2098	2099	2099	--233
2100	2101	2102	2103	2103	2106	2107	2107	2108	2108	--234
2109	2110	2111	2112	2112	2115	2116	2116	2117	2117	--235
2118	2119	2120	2121	2121	2124	2125	2125	2126	2126	--236
2127	2128	2129	2130	2130	2133	2134	2134	2135	2135	--237
2136	2137	2138	2139	2139	2142	2143	2143	2144	2144	--238
2145	2146	2147	2148	2148	2151	2152	2152	2153	2153	--239
2154	2155	2156	2157	2157	2160	2161	2161	2162	2162	--240
2163	2164	2165	2166	2166	2169	2170	2170	2171	2171	--241
2172	2173	2174	2175	2175	2178	2179	2179	2180	2180	--242
2181	2182	2183	2184	2184	2187	2188	2188	2189	2189	--243
2190	2191	2192	2193	2193	2196	2197	2197	2198	2198	--244
2199	2200	2201	2202	2202	2205	2206	2206	2207	2207	--245
2208	2209	2210	2211	2211	2214	2215	2215	2216	2216	--246
2217	2218	2219	2220	2220	2223	2224	2224	2225	2225	--247
2226	2227	2228	2229	2229	2232	2233	2233	2234	2234	--248
2235	2236	2237	2238	2238	2241	2242	2242	2243	2243	--249
2244	2245	2246	2247	2247	2250	2251	2251	2252	2252	--250
2253	2254	2255	2256	2256	2259	2260	2260	2261	2261	--251
2262	2263	2264	2265	2265	2268	2269	2269	2270	2270	--252
2271	2272	2273	2274	2274	2277	2278	2278	2279	2279	--253
2280	2281	2282	2283	2283	2286	2287	2287	2288	2288	--254
2289	2290	2291	2292	2292	2295	2296	2296	2297	2297	--255
2298	2299	2300	2301	2301	2304	2305	2305	2306	2306	--256
2307	2308	2309	2310	2310	2313	2314	2314	2315	2315	--257
2316	2317	2318	2319	2319	2322	2323	2323	2324	2324	--258
2325	2326	2327	2328	2328	2331	2332	2332	2333	2333	--259
2334	2335	2336	2337	2337	2340	2341	2341	2342	2342	--260
2343	2344	2345	2346	2346	2349	2350	2350	2351	2351	--261
2352	2353	2354	2355	2355	2358	2359	2359	2360	2360	--262
2361	2362	2363	2364	2364	2367	2368	2368	2369	2369	--263
2370	2371	2372	2373	2373	2376	2377	2377	2378	2378	--264
2379	2380	2381	2382	2382	2385	2386	2386	2387	2387	--265
2388	2389	2390	2391	2391	2394	2395	2395	2396	2396	--266
2397	2398	2399	2400	2400	2403	2404	2404	2405	2405	--267
2406	2407	2408	2409	2409	2412	2413	2413	2414	2414	--268
2415	2416	2417	2418	2418	2421	2422	2422	2423	2423	--269
2424	2425	2426	2427	2427	2430	2431	2431	2432	2432	--270
2433	2434	2435	2436	2436	2439	2440	2440	2441	2441	--271
2442	2443	2444	2445	2445	2448	2449	2449	2450	2450	--272
2451	2452	2453	2454	2454	2457	2458	2458	2459	2459	--273
2460	2461	2462	2463	2463	2466	2467	2467	2468	2468	--274
2469	2470	2471	2472	2472	2475	2476	2476	2477	2477	--275
2478	2479	2480	2481	2481	2484	2485	2485	2486	2486	--276
2487	2488	2489	2490	2490	2493	2494	2494	2495	2495	--277
2496	2497	2498	2499	2499	2502	2503	2503	2504	2504	--278
2505	2506	2507	2508	2508	2511	2512	2512	2513	2513	--279
2514	2515	2516	2517	2517	2520	2521	2521	2522	2522	--280
2523	2524	2525	2526	2526	2529	2530	2530	2531	2531	--281
2532	2533	2534	2535	2535	2538	2539	2539	2540	2540	--282
2541	2542	2543	2544	2544	2547	2548	2548	2549	2549	--283
2550	2551	2552	2553	2553	2556	2557	2557	2558	2558	--284
2559	2560	2561	2562	2562	2565	2566	2566	2567	2567	--285
2568	2569	2570	2571	2571	2574	2575	2575	2576	2576	--286
2577	2578	2579	2580	2580	2583	2584	2584	2585	2585	--287
2586	2587	2588	2589	2589	2592	2593	2593	2594	2594	--288
2595	2596	2597	2598	2598	2601	2602	2602	2603	2603	--289
2604	2605	2606	2607	2607	2610	2611	2611	2612	2612	--290
2613	2614	2615	2616	2616	2619	2620	2620	2621	2621	--291
2622	2623	2624	2625	2625	2628	2629	2629	2630	2630	--292
2631	2632	2633	2634	2634	2637	2638	2638	2639	2639	--293
2640	2641	2642	2643	2643	2646	2647	2647	2648	2648	--294
2649	2650	2651	2652	2652	2655	2656	2656	2657	2657	--295
2658	2659	2660	2661	2661	2664	2665	2665	2666	2666	--296
2667	2668	2669	2670	2670	2673	2674	2674	2675	2675	--297
2676	2677	2678	2679	2679	2682	2683	2683	2684	2684	--298
2685	2686	2687	2688	2688	2691	2692	2692	2693	2693	--299
2694	2695	2696	2697	2697	2700	2701	2702	2706	2711	--300
