0	0	0	0	0	0	0	0	0	0		---1
0	0	0	0	0	0	0	0	0	0		---2
0	0	0	0	0	0	0	0	0	0		---3
0	0	0	0	0	0	0	0	0	0		---4
0	0	0	0	0	0	0	0	0	0		---5
0	0	0	0	0	0	0	0	0	0		---6
0	0	0	0	0	0	0	0	0	0		---7
0	0	0	0	0	0	0	0	0	0		---8
0	0	0	0	0	0	0	0	0	0		---9
0	0	0	0	0	0	0	0	0	0		---10
0	0	0	0	0	0	0	0	0	0		---11
0	0	0	0	0	0	0	0	0	0		---12
0	0	0	0	0	0	0	0	0	0		---13
0	0	0	0	0	0	0	0	0	0		---14
0	0	0	0	0	0	0	0	0	0		---15
0	0	0	0	0	0	0	0	0	0		---16
0	0	0	0	0	0	0	0	0	0		---17
0	0	0	0	0	0	0	0	0	0		---18
0	0	0	0	0	0	0	0	0	0		---19
0	0	0	0	0	0	0	0	0	0		---20
0	0	0	0	0	0	0	0	0	0		---21
0	0	0	0	0	0	0	0	0	0		---22
0	0	0	0	0	0	0	0	0	0		---23
0	0	0	0	0	0	0	0	0	0		---24
0	0	0	0	0	0	0	0	0	0		---25
0	0	0	0	0	0	0	0	0	0		---26
0	0	0	0	0	0	0	0	0	0		---27
0	0	0	0	0	0	0	0	0	0		---28
0	0	0	0	0	0	0	0	0	0		---29
0	0	0	0	0	0	0	0	0	0		---30
0	0	0	0	0	0	0	0	0	0		---31
0	0	0	0	0	0	0	0	0	0		---32
0	0	0	0	0	0	0	0	0	0		---33
0	0	0	0	0	0	0	0	0	0		---34
0	0	0	0	0	0	0	0	0	0		---35
0	0	0	0	0	0	0	0	0	0		---36
0	0	0	0	0	0	0	0	0	0		---37
0	0	0	0	0	0	0	0	0	0		---38
0	0	0	0	0	0	0	0	0	0		---39
0	0	0	0	0	0	0	0	0	0		---40
0	0	0	0	0	0	0	0	0	0		---41
0	0	0	0	0	0	0	0	0	0		---42
0	0	0	0	0	0	0	0	0	0		---43
0	0	0	0	0	0	0	0	0	0		---44
0	0	0	0	0	0	0	0	0	0		---45
0	0	0	0	0	0	0	0	0	0		---46
0	0	0	0	0	0	0	0	0	0		---47
0	0	0	0	0	0	0	0	0	0		---48
0	0	0	0	0	0	0	0	0	0		---49
0	0	0	0	0	0	0	0	0	0		---50
0	0	0	0	0	0	0	0	0	0		---51
0	0	0	0	0	0	0	0	0	0		---52
0	0	0	0	0	0	0	0	0	0		---53
0	0	0	0	0	0	0	0	0	0		---54
0	0	0	0	0	0	0	0	0	0		---55
0	0	0	0	0	0	0	0	0	0		---56
0	0	0	0	0	0	0	0	0	0		---57
0	0	0	0	0	0	0	0	0	0		---58
0	0	0	0	0	0	0	0	0	0		---59
0	0	0	0	0	0	0	0	0	0		---60
0	0	0	0	0	0	0	0	0	0		---61
0	0	0	0	0	0	0	0	0	0		---62
0	0	0	0	0	0	0	0	0	0		---63
0	0	0	0	0	0	0	0	0	0		---64
0	0	0	0	0	0	0	0	0	0		---65
0	0	0	0	0	0	0	0	0	0		---66
0	0	0	0	0	0	0	0	0	0		---67
0	0	0	0	0	0	0	0	0	0		---68
0	0	0	0	0	0	0	0	0	0		---69
0	0	0	0	0	0	0	0	0	0		---70
0	0	0	0	0	0	0	0	0	0		---71
0	0	0	0	0	0	0	0	0	0		---72
0	0	0	0	0	0	0	0	0	0		---73
0	0	0	0	0	0	0	0	0	0		---74
0	0	0	0	0	0	0	0	0	0		---75
0	0	0	0	0	0	0	0	0	0		---76
0	0	0	0	0	0	0	0	0	0		---77
0	0	0	0	0	0	0	0	0	0		---78
0	0	0	0	0	0	0	0	0	0		---79
0	0	0	0	0	0	0	0	0	0		---80
0	0	0	0	0	0	0	0	0	0		---81
0	0	0	0	0	0	0	0	0	0		---82
0	0	0	0	0	0	0	0	0	0		---83
0	0	0	0	0	0	0	0	0	0		---84
0	0	0	0	0	0	0	0	0	0		---85
0	0	0	0	0	0	0	0	0	0		---86
0	0	0	0	0	0	0	0	0	0		---87
0	0	0	0	0	0	0	0	0	0		---88
0	0	0	0	0	0	0	0	0	0		---89
0	0	0	0	0	0	0	0	0	0		---90
0	0	0	0	0	0	0	0	0	0		---91
0	0	0	0	0	0	0	0	0	0		---92
0	0	0	0	0	0	0	0	0	0		---93
0	0	0	0	0	0	0	0	0	0		---94
0	0	0	0	0	0	0	0	0	0		---95
0	0	0	0	0	0	0	0	0	0		---96
0	0	0	0	0	0	0	0	0	0		---97
0	0	0	0	0	0	0	0	0	0		---98
0	0	0	0	0	0	0	0	0	0		---99
0	0	0	0	0	0	0	0	0	0		---100
0	0	0	0	0	0	0	0	0	0		---101
0	0	0	0	0	0	0	0	1	2		---102
3	4	5	6	7	8	9	10	11	12		---103
12	13	14	15	16	17	18	19	20	20		---104
21	21	22	23	23	24	25	26	27	28		---105
29	30	30	31	32	33	33	34	35	36		---106
37	38	39	40	40	41	42	43	44	45		---107
45	46	47	48	48	49	49	50	51	51		---108
52	53	54	55	56	57	58	58	59	60		---109
61	61	62	63	64	65	66	67	68	68		---110
69	70	71	72	73	73	74	75	75	76		---111
76	77	77	78	79	79	80	81	82	83		---112
84	85	86	86	87	88	89	89	89	90		---113
91	92	93	93	94	95	96	96	97	98		---114
99	100	101	101	102	103	103	104	104	105		---115
105	106	107	107	108	109	110	111	112	113		---116
114	114	115	116	117	117	117	118	119	120		---117
121	121	122	123	124	124	125	126	127	128		---118
129	129	130	131	131	132	132	133	133	134		---119
135	135	136	137	138	139	140	141	142	142		---120
143	144	145	145	145	146	147	148	149	149		---121
150	151	152	152	153	154	155	156	157	157		---122
158	159	159	160	160	161	161	162	163	163		---123
164	165	166	167	168	169	170	170	171	172		---124
173	173	173	174	175	176	177	177	178	179		---125
180	180	181	182	183	184	185	185	186	187		---126
187	188	188	189	189	190	191	191	192	193		---127
194	195	196	197	198	198	199	200	201	201		---128
201	202	203	204	205	205	206	207	208	208		---129
209	210	211	212	213	213	214	215	215	216		---130
216	217	217	218	219	219	220	221	222	223		---131
224	225	226	226	227	228	229	229	229	230		---132
231	232	233	233	234	235	236	236	237	238		---133
239	240	241	241	242	243	243	244	244	245		---134
245	246	247	247	248	249	250	251	252	253		---135
254	254	255	256	257	257	257	258	259	260		---136
261	261	262	263	264	264	265	266	267	268		---137
269	269	270	271	271	272	272	273	273	274		---138
275	275	276	277	278	279	280	281	282	282		---139
283	284	285	285	285	286	287	288	289	289		---140
290	291	292	292	293	294	295	296	297	297		---141
298	299	299	300	300	301	301	302	303	303		---142
304	305	306	307	308	309	310	310	311	312		---143
313	313	313	314	315	316	317	317	318	319		---144
320	320	321	322	323	324	325	325	326	327		---145
327	328	328	329	329	330	331	331	332	333		---146
334	335	336	337	338	338	339	340	341	341		---147
341	342	343	344	345	345	346	347	348	348		---148
349	350	351	352	353	353	354	355	355	356		---149
356	357	357	358	359	359	360	361	362	363		---150
364	365	366	366	367	368	369	369	369	370		---151
371	372	373	373	374	375	376	376	377	378		---152
379	380	381	381	382	383	383	384	384	385		---153
385	386	387	387	388	389	390	391	392	393		---154
394	394	395	396	397	397	397	398	399	400		---155
401	401	402	403	404	404	405	406	407	408		---156
409	409	410	411	411	412	412	413	413	414		---157
415	415	416	417	418	419	420	421	422	422		---158
423	424	425	425	425	426	427	428	429	429		---159
430	431	432	432	433	434	435	436	437	437		---160
438	439	439	440	440	441	441	442	443	443		---161
444	445	446	447	448	449	450	450	451	452		---162
453	453	453	454	455	456	457	457	458	459		---163
460	460	461	462	463	464	465	465	466	467		---164
467	468	468	469	469	470	471	471	472	473		---165
474	475	476	477	478	478	479	480	481	481		---166
481	482	483	484	485	485	486	487	488	488		---167
489	490	491	492	493	493	494	495	495	496		---168
496	497	497	498	499	499	500	501	502	503		---169
504	505	506	506	507	508	509	509	509	510		---170
511	512	513	513	514	515	516	516	517	518		---171
519	520	521	521	522	523	523	524	524	525		---172
525	526	527	527	528	529	530	531	532	533		---173
534	534	535	536	537	537	537	538	539	540		---174
541	541	542	543	544	544	545	546	547	548		---175
549	549	550	551	551	552	552	553	553	554		---176
555	555	556	557	558	559	560	561	562	562		---177
563	564	565	565	565	566	567	568	569	569		---178
570	571	572	572	573	574	575	576	577	577		---179
578	579	579	580	580	581	581	582	583	583		---180
584	585	586	587	588	589	590	590	591	592		---181
593	593	593	594	595	596	597	597	598	599		---182
600	600	601	602	603	604	605	605	606	607		---183
607	608	608	609	609	610	611	611	612	613		---184
614	615	616	617	618	618	619	620	621	621		---185
621	622	623	624	625	625	626	627	628	628		---186
629	630	631	632	633	633	634	635	635	636		---187
636	637	637	638	639	639	640	641	642	643		---188
644	645	646	646	647	648	649	649	649	650		---189
651	652	653	653	654	655	656	656	657	658		---190
659	660	661	661	662	663	663	664	664	665		---191
665	666	667	667	668	669	670	671	672	673		---192
674	674	675	676	677	677	677	678	679	680		---193
681	681	682	683	684	684	685	686	687	688		---194
689	689	690	691	691	692	692	693	693	694		---195
695	695	696	697	698	699	700	701	702	702		---196
703	704	705	705	705	706	707	708	709	709		---197
710	711	712	712	713	714	715	716	717	717		---198
718	719	719	720	720	721	721	722	723	723		---199
724	725	726	727	728	729	730	730	731	732		---200
733	733	733	734	735	736	737	737	738	739		---201
740	740	741	742	743	744	745	745	746	747		---202
747	748	748	749	749	750	751	751	752	753		---203
754	755	756	757	758	758	759	760	761	761		---204
761	762	763	764	765	765	766	767	768	768		---205
769	770	771	772	773	773	774	775	775	776		---206
776	777	777	778	779	779	780	781	782	783		---207
784	785	786	786	787	788	789	789	789	790		---208
791	792	793	793	794	795	796	796	797	798		---209
799	800	801	801	802	803	803	804	804	805		---210
805	806	807	807	808	809	810	811	812	813		---211
814	814	815	816	817	817	817	818	819	820		---212
821	821	822	823	824	824	825	826	827	828		---213
829	829	830	831	831	832	832	833	833	834		---214
835	835	836	837	838	839	840	841	842	842		---215
843	844	845	845	845	846	847	848	849	849		---216
850	851	852	852	853	854	855	856	857	857		---217
858	859	859	860	860	861	861	862	863	863		---218
864	865	866	867	868	869	870	870	871	872		---219
873	873	873	874	875	876	877	877	878	879		---220
880	880	881	882	883	884	885	885	886	887		---221
887	888	888	889	889	890	891	891	892	893		---222
894	895	896	897	898	898	899	900	901	901		---223
901	902	903	904	905	905	906	907	908	908		---224
909	910	911	912	913	913	914	915	915	916		---225
916	917	917	918	919	919	920	921	922	923		---226
924	925	926	926	927	928	929	929	929	930		---227
931	932	933	933	934	935	936	936	937	938		---228
939	940	941	941	942	943	943	944	944	945		---229
945	946	947	947	948	949	950	951	952	953		---230
954	954	955	956	957	957	957	958	959	960		---231
961	961	962	963	964	964	965	966	967	968		---232
969	969	970	971	971	972	972	973	973	974		---233
975	975	976	977	978	979	980	981	982	982		---234
983	984	985	985	985	986	987	988	989	989		---235
990	991	992	992	993	994	995	996	997	997		---236
998	999	999	1000	1000	1001	1001	1002	1003	1003		---237
1004	1005	1006	1007	1008	1009	1010	1010	1011	1012		---238
1013	1013	1013	1014	1015	1016	1017	1017	1018	1020		---239
1025	1027	1028	1029	1031	1038	1041	1041	1045	1048		---240
1053	1055	1056	1057	1059	1066	1069	1069	1073	1076		---241
1081	1083	1084	1085	1087	1094	1097	1097	1101	1104		---242
1109	1111	1112	1113	1115	1122	1125	1125	1129	1132		---243
1137	1139	1140	1141	1143	1150	1153	1153	1157	1160		---244
1165	1167	1168	1169	1171	1178	1181	1181	1185	1188		---245
1193	1195	1196	1197	1199	1206	1209	1209	1213	1216		---246
1221	1223	1224	1225	1227	1234	1237	1237	1241	1244		---247
1249	1251	1252	1253	1255	1262	1265	1265	1269	1272		---248
1277	1279	1280	1281	1283	1290	1293	1293	1297	1300		---249
1305	1307	1308	1309	1311	1318	1321	1321	1325	1328		---250
1333	1335	1336	1337	1339	1346	1349	1349	1353	1356		---251
1361	1363	1364	1365	1367	1374	1377	1377	1381	1384		---252
1389	1391	1392	1393	1395	1402	1405	1405	1409	1412		---253
1417	1419	1420	1421	1423	1430	1433	1433	1437	1440		---254
1445	1447	1448	1449	1451	1458	1461	1461	1465	1468		---255
1473	1475	1476	1477	1479	1486	1489	1489	1493	1496		---256
1501	1503	1504	1505	1507	1514	1517	1517	1521	1524		---257
1529	1531	1532	1533	1535	1542	1545	1545	1549	1552		---258
1557	1559	1560	1561	1563	1570	1573	1573	1577	1580		---259
1585	1587	1588	1589	1591	1598	1601	1601	1605	1608		---260
1613	1615	1616	1617	1619	1626	1629	1629	1633	1636		---261
1641	1643	1644	1645	1647	1654	1657	1657	1661	1664		---262
1669	1671	1672	1673	1675	1682	1685	1685	1689	1692		---263
1697	1699	1700	1701	1703	1710	1713	1713	1717	1720		---264
1725	1727	1728	1729	1731	1738	1741	1741	1745	1748		---265
1753	1755	1756	1757	1759	1766	1769	1769	1773	1776		---266
1781	1783	1784	1785	1787	1794	1797	1797	1801	1804		---267
1809	1811	1812	1813	1815	1822	1825	1825	1829	1832		---268
1837	1839	1840	1841	1843	1850	1853	1853	1857	1860		---269
1865	1867	1868	1869	1871	1878	1881	1881	1885	1888		---270
1893	1895	1896	1897	1899	1906	1909	1909	1913	1916		---271
1921	1923	1924	1925	1927	1934	1937	1937	1941	1944		---272
1949	1951	1952	1953	1955	1962	1965	1965	1969	1972		---273
1977	1979	1980	1981	1983	1990	1993	1993	1997	2000		---274
2005	2007	2008	2009	2011	2018	2021	2021	2025	2028		---275
2033	2035	2036	2037	2039	2046	2049	2049	2053	2056		---276
2061	2063	2064	2065	2067	2074	2077	2077	2081	2084		---277
2089	2091	2092	2093	2095	2102	2105	2105	2109	2112		---278
2117	2119	2120	2121	2123	2130	2133	2133	2137	2140		---279
2145	2147	2148	2149	2151	2158	2161	2161	2165	2168		---280
2173	2175	2176	2177	2179	2186	2189	2189	2193	2196		---281
2201	2203	2204	2205	2207	2214	2217	2217	2221	2224		---282
2229	2231	2232	2233	2235	2242	2245	2245	2249	2252		---283
2257	2259	2260	2261	2263	2270	2273	2273	2277	2280		---284
2285	2287	2288	2289	2291	2298	2301	2301	2305	2308		---285
2313	2315	2316	2317	2319	2326	2329	2329	2333	2336		---286
2341	2343	2344	2345	2347	2354	2357	2357	2361	2364		---287
2369	2371	2372	2373	2375	2382	2385	2385	2389	2392		---288
2397	2399	2400	2401	2403	2410	2413	2413	2417	2420		---289
2425	2427	2428	2429	2431	2438	2441	2441	2445	2448		---290
2453	2455	2456	2457	2459	2466	2469	2469	2473	2476		---291
2481	2483	2484	2485	2487	2494	2497	2497	2501	2504		---292
2509	2511	2512	2513	2515	2522	2525	2525	2529	2532		---293
2537	2539	2540	2541	2543	2550	2553	2553	2557	2560		---294
2565	2567	2568	2569	2571	2578	2581	2581	2585	2588		---295
2593	2595	2596	2597	2599	2606	2609	2609	2613	2616		---296
2621	2623	2624	2625	2627	2634	2637	2637	2641	2644		---297
2649	2651	2652	2653	2655	2662	2665	2665	2669	2672		---298
2677	2679	2680	2681	2683	2690	2693	2693	2697	2700		---299
2705	2707	2708	2709	2711	2718	2721	2721	2725	2728		---300
2733	2735	2736	2737	2739	2746	2749	2749	2753	2756		---301
2761	2763	2764	2765	2767	2774	2777	2777	2781	2784		---302
2789	2791	2792	2793	2795	2802	2805	2805	2809	2812		---303
2817	2819	2820	2821	2823	2830	2833	2833	2837	2840		---304
2845	2847	2848	2849	2851	2858	2861	2861	2865	2868		---305
2873	2875	2876	2877	2879	2886	2889	2889	2893	2896		---306
2901	2903	2904	2905	2907	2914	2917	2917	2921	2924		---307
2929	2931	2932	2933	2935	2942	2945	2945	2949	2952		---308
2957	2959	2960	2961	2963	2970	2973	2973	2977	2980		---309
2985	2987	2988	2989	2991	2998	3001	3001	3005	3008		---310
3013	3015	3016	3017	3019	3026	3029	3029	3033	3036		---311
3041	3043	3044	3045	3047	3054	3057	3057	3061	3064		---312
3069	3071	3072	3073	3075	3082	3085	3085	3089	3092		---313
3097	3099	3100	3101	3103	3110	3113	3113	3117	3120		---314
3125	3127	3128	3129	3131	3138	3141	3141	3145	3148		---315
3153	3155	3156	3157	3159	3166	3169	3169	3173	3176		---316
3181	3183	3184	3185	3187	3194	3197	3197	3201	3204		---317
3209	3211	3212	3213	3215	3222	3225	3225	3229	3232		---318
3237	3239	3240	3241	3243	3250	3253	3253	3257	3260		---319
3265	3267	3268	3269	3271	3278	3281	3281	3285	3288		---320
3293	3295	3296	3297	3299	3306	3309	3309	3313	3316		---321
3321	3323	3324	3325	3327	3334	3337	3337	3341	3344		---322
3349	3351	3352	3353	3355	3362	3365	3365	3369	3372		---323
3377	3379	3380	3381	3383	3390	3393	3393	3397	3400		---324
3405	3407	3408	3409	3411	3418	3421	3421	3425	3428		---325
3433	3435	3436	3437	3439	3446	3449	3449	3453	3456		---326
3461	3463	3464	3465	3467	3474	3477	3477	3481	3484		---327
3489	3491	3492	3493	3495	3502	3505	3505	3509	3512		---328
3517	3519	3520	3521	3523	3530	3533	3533	3537	3540		---329
3545	3547	3548	3549	3551	3558	3561	3561	3565	3568		---330
3573	3575	3576	3577	3579	3586	3589	3589	3593	3596		---331
3601	3603	3604	3605	3607	3614	3617	3617	3621	3624		---332
3629	3631	3632	3633	3635	3642	3645	3645	3649	3652		---333
3657	3659	3660	3661	3663	3670	3673	3673	3677	3680		---334
3685	3687	3688	3689	3691	3698	3701	3701	3705	3708		---335
3713	3715	3716	3717	3719	3726	3729	3729	3733	3736		---336
3741	3743	3744	3745	3747	3754	3757	3757	3761	3764		---337
3769	3771	3772	3773	3775	3782	3785	3785	3789	3792		---338
3797	3799	3800	3801	3803	3810	3813	3813	3817	3820		---339
3825	3827	3828	3829	3831	3838	3841	3841	3845	3848		---340
3853	3855	3856	3857	3859	3866	3869	3869	3873	3876		---341
3881	3883	3884	3885	3887	3894	3897	3897	3901	3904		---342
3909	3911	3912	3913	3915	3922	3925	3925	3929	3932		---343
3937	3939	3940	3941	3943	3950	3953	3953	3957	3960		---344
3965	3967	3968	3969	3971	3978	3981	3981	3985	3988		---345
3993	3995	3996	3997	3999	4006	4009	4009	4013	4016		---346
4021	4023	4024	4025	4027	4034	4037	4037	4041	4044		---347
4049	4051	4052	4053	4055	4062	4065	4065	4069	4072		---348
4077	4079	4080	4081	4083	4090	4093	4093	4097	4100		---349
4105	4107	4108	4109	4111	4118	4121	4121	4125	4128		---350
4133	4135	4136	4137	4139	4146	4149	4149	4153	4156		---351
4161	4163	4164	4165	4167	4174	4177	4177	4181	4184		---352
4189	4191	4192	4193	4195	4202	4205	4205	4209	4212		---353
4217	4219	4220	4221	4223	4230	4233	4233	4237	4240		---354
4245	4247	4248	4249	4251	4258	4261	4261	4265	4268		---355
4273	4275	4276	4277	4279	4286	4289	4289	4293	4296		---356
4301	4303	4304	4305	4307	4314	4317	4317	4321	4324		---357
4329	4331	4332	4333	4335	4342	4345	4345	4349	4352		---358
4357	4359	4360	4361	4363	4370	4373	4373	4377	4380		---359
4385	4387	4388	4389	4391	4398	4401	4401	4405	4408		---360
4413	4415	4416	4417	4419	4426	4429	4429	4433	4436		---361
4441	4443	4444	4445	4447	4454	4457	4457	4461	4464		---362
4469	4471	4472	4473	4475	4482	4485	4485	4489	4492		---363
4497	4499	4500	4501	4503	4510	4513	4513	4517	4520		---364
4525	4527	4528	4529	4531	4538	4541	4541	4545	4548		---365
4553	4555	4556	4557	4559	4566	4569	4569	4573	4576		---366
4581	4583	4584	4585	4587	4594	4597	4597	4601	4604		---367
4609	4611	4612	4613	4615	4622	4625	4625	4629	4632		---368
4637	4639	4640	4641	4643	4650	4653	4653	4657	4660		---369
4665	4667	4668	4669	4671	4678	4681	4681	4685	4688		---370
4693	4695	4696	4697	4699	4706	4709	4709	4713	4716		---371
4721	4723	4724	4725	4727	4734	4737	4737	4741	4744		---372
4749	4751	4752	4753	4755	4762	4765	4765	4769	4772		---373
4777	4779	4780	4781	4783	4790	4793	4793	4797	4800		---374
4805	4807	4808	4809	4811	4818	4821	4821	4825	4828		---375
4833	4835	4836	4837	4839	4846	4849	4849	4853	4856		---376
4861	4863	4864	4865	4867	4874	4877	4877	4881	4884		---377
4889	4891	4892	4893	4895	4902	4905	4905	4909	4912		---378
4917	4919	4920	4921	4923	4930	4933	4933	4937	4940		---379
4945	4947	4948	4949	4951	4958	4961	4961	4965	4968		---380
4973	4975	4976	4977	4979	4986	4989	4989	4993	4996		---381
5001	5003	5004	5005	5007	5014	5017	5017	5021	5024		---382
5029	5031	5032	5033	5035	5042	5045	5045	5049	5052		---383
5057	5059	5060	5061	5063	5070	5073	5073	5077	5080		---384
5085	5087	5088	5089	5091	5098	5101	5101	5105	5108		---385
5113	5115	5116	5117	5119	5126	5129	5129	5133	5136		---386
5141	5143	5144	5145	5147	5154	5157	5157	5161	5164		---387
5169	5171	5172	5173	5175	5182	5185	5185	5189	5192		---388
5197	5199	5200	5201	5203	5210	5213	5213	5217	5220		---389
5225	5227	5228	5229	5231	5238	5241	5241	5245	5248		---390
5253	5255	5256	5257	5259	5266	5269	5269	5273	5276		---391
5281	5283	5284	5285	5287	5294	5297	5297	5301	5304		---392
5309	5311	5312	5313	5315	5322	5325	5325	5329	5332		---393
5337	5339	5340	5341	5343	5350	5353	5353	5357	5360		---394
5365	5367	5368	5369	5371	5378	5381	5381	5385	5388		---395
5393	5395	5396	5397	5399	5406	5409	5409	5413	5416		---396
5421	5423	5424	5425	5427	5434	5437	5437	5441	5444		---397
5449	5451	5452	5453	5455	5462	5465	5465	5469	5472		---398
5477	5479	5480	5481	5483	5490	5493	5493	5497	5500		---399
5505	5507	5508	5509	5511	5518	5521	5521	5525	5528		---400
5533	5535	5536	5537	5539	5546	5549	5549	5553	5556		---401
5561	5563	5564	5565	5567	5574	5577	5577	5581	5584		---402
5589	5591	5592	5593	5595	5602	5605	5605	5609	5612		---403
5617	5619	5620	5621	5623	5630	5633	5633	5637	5640		---404
5645	5647	5648	5649	5651	5658	5661	5661	5665	5668		---405
5673	5675	5676	5677	5679	5686	5689	5689	5693	5696		---406
5701	5703	5704	5705	5707	5714	5717	5717	5721	5724		---407
5729	5731	5732	5733	5735	5742	5745	5745	5749	5752		---408
5757	5759	5760	5761	5763	5770	5773	5773	5777	5780		---409
5785	5787	5788	5789	5791	5798	5801	5801	5805	5808		---410
5813	5815	5816	5817	5819	5826	5829	5829	5833	5836		---411
5841	5843	5844	5845	5847	5854	5857	5857	5861	5864		---412
5869	5871	5872	5873	5875	5882	5885	5885	5889	5892		---413
5897	5899	5900	5901	5903	5910	5913	5913	5917	5920		---414
5925	5927	5928	5929	5931	5938	5941	5941	5945	5948		---415
5953	5955	5956	5957	5959	5966	5969	5969	5973	5976		---416
5981	5983	5984	5985	5987	5994	5997	5997	6001	6004		---417
6009	6011	6012	6013	6015	6022	6025	6025	6029	6032		---418
6037	6039	6040	6041	6043	6050	6053	6053	6057	6060		---419
6065	6067	6068	6069	6071	6078	6081	6081	6085	6088		---420
6093	6095	6096	6097	6099	6106	6109	6109	6113	6116		---421
6121	6123	6124	6125	6127	6134	6137	6137	6141	6144		---422
6149	6151	6152	6153	6155	6162	6165	6165	6169	6172		---423
6177	6179	6180	6181	6183	6190	6193	6193	6197	6200		---424
6205	6207	6208	6209	6211	6218	6221	6221	6225	6228		---425
6233	6235	6236	6237	6239	6246	6249	6249	6253	6256		---426
6261	6263	6264	6265	6267	6274	6277	6277	6281	6284		---427
6289	6291	6292	6293	6295	6302	6305	6305	6309	6312		---428
6317	6319	6320	6321	6323	6330	6333	6333	6337	6340		---429
6345	6347	6348	6349	6351	6358	6361	6361	6365	6368		---430
6373	6375	6376	6377	6379	6386	6389	6389	6393	6396		---431
6401	6403	6404	6405	6407	6414	6417	6417	6421	6424		---432
6429	6431	6432	6433	6435	6442	6445	6445	6449	6452		---433
6457	6459	6460	6461	6463	6470	6473	6473	6477	6480		---434
6485	6487	6488	6489	6491	6498	6501	6501	6505	6508		---435
6513	6515	6516	6517	6519	6526	6529	6529	6533	6536		---436
6541	6543	6544	6545	6547	6554	6557	6557	6561	6564		---437
6569	6571	6572	6573	6575	6582	6585	6585	6589	6592		---438
6597	6599	6600	6601	6603	6610	6613	6613	6617	6620		---439
6625	6627	6628	6629	6631	6638	6641	6641	6645	6648		---440
6653	6655	6656	6657	6659	6666	6669	6669	6673	6676		---441
6681	6683	6684	6685	6687	6694	6697	6697	6701	6704		---442
6709	6711	6712	6713	6715	6722	6725	6725	6729	6732		---443
6737	6739	6740	6741	6743	6750	6753	6753	6757	6760		---444
6765	6767	6768	6769	6771	6778	6781	6781	6785	6788		---445
6793	6795	6796	6797	6799	6806	6809	6809	6813	6816		---446
6821	6823	6824	6825	6827	6834	6837	6837	6841	6844		---447
6849	6851	6852	6853	6855	6862	6865	6865	6869	6872		---448
6877	6879	6880	6881	6883	6890	6893	6893	6897	6900		---449
6905	6907	6908	6909	6911	6918	6921	6921	6925	6928		---450
6933	6935	6936	6937	6939	6946	6949	6949	6953	6956		---451
6961	6963	6964	6965	6967	6974	6977	6977	6981	6984		---452
6989	6991	6992	6993	6995	7002	7005	7005	7009	7012		---453
7017	7019	7020	7021	7023	7030	7033	7033	7037	7040		---454
7045	7047	7048	7049	7051	7058	7061	7061	7065	7068		---455
7073	7075	7076	7077	7079	7086	7089	7089	7093	7096		---456
7101	7103	7104	7105	7107	7114	7117	7117	7121	7124		---457
7129	7131	7132	7133	7135	7142	7145	7145	7149	7152		---458
7157	7159	7160	7161	7163	7170	7173	7173	7177	7180		---459
7185	7187	7188	7189	7191	7198	7201	7201	7205	7208		---460
7213	7215	7216	7217	7219	7226	7229	7229	7233	7236		---461
7241	7243	7244	7245	7247	7254	7257	7257	7261	7264		---462
7269	7271	7272	7273	7275	7282	7285	7285	7289	7292		---463
7297	7299	7300	7301	7303	7310	7313	7313	7317	7320		---464
7325	7327	7328	7329	7331	7338	7341	7341	7345	7348		---465
7353	7355	7356	7357	7359	7366	7369	7369	7373	7376		---466
7381	7383	7384	7385	7387	7394	7397	7397	7401	7404		---467
7409	7411	7412	7413	7415	7422	7425	7425	7429	7432		---468
7437	7439	7440	7441	7443	7450	7453	7453	7457	7460		---469
7465	7467	7468	7469	7471	7478	7481	7481	7485	7488		---470
7493	7495	7496	7497	7499	7506	7509	7509	7513	7516		---471
7521	7523	7524	7525	7527	7534	7537	7537	7541	7544		---472
7549	7551	7552	7553	7555	7562	7565	7565	7569	7572		---473
7577	7579	7580	7581	7583	7590	7593	7593	7597	7600		---474
7605	7607	7608	7609	7611	7618	7621	7621	7625	7628		---475
7633	7635	7636	7637	7639	7646	7649	7649	7653	7656		---476
7661	7663	7664	7665	7667	7674	7677	7677	7681	7684		---477
7689	7691	7692	7693	7695	7702	7705	7705	7709	7712		---478
7717	7719	7720	7721	7723	7730	7733	7733	7737	7740		---479
7745	7747	7748	7749	7751	7758	7761	7761	7765	7768		---480
7773	7775	7776	7777	7779	7786	7789	7789	7793	7796		---481
7801	7803	7804	7805	7807	7814	7817	7817	7821	7824		---482
7829	7831	7832	7833	7835	7842	7845	7845	7849	7852		---483
7857	7859	7860	7861	7863	7870	7873	7873	7877	7880		---484
7885	7887	7888	7889	7891	7898	7901	7901	7905	7908		---485
7913	7915	7916	7917	7919	7926	7929	7929	7933	7936		---486
7941	7943	7944	7945	7947	7954	7957	7957	7961	7964		---487
7969	7971	7972	7973	7975	7982	7985	7985	7989	7992		---488
7997	7999	8000	8001	8003	8010	8013	8013	8017	8020		---489
8025	8027	8028	8029	8031	8038	8041	8041	8045	8048		---490
8053	8055	8056	8057	8059	8066	8069	8069	8073	8076		---491
8081	8083	8084	8085	8087	8094	8097	8097	8101	8104		---492
8109	8111	8112	8113	8115	8122	8125	8125	8129	8132		---493
8137	8139	8140	8141	8143	8150	8153	8153	8157	8160		---494
8165	8167	8168	8169	8171	8178	8181	8181	8185	8188		---495
8193	8195	8196	8197	8199	8206	8209	8209	8213	8216		---496
8221	8223	8224	8225	8227	8234	8237	8237	8241	8244		---497
8249	8251	8252	8253	8255	8262	8265	8265	8269	8272		---498
8277	8279	8280	8281	8283	8290	8293	8293	8297	8300		---499
8305	8307	8308	8309	8311	8318	8321	8321	8325	8328		---500
8333	8335	8336	8337	8339	8346	8349	8349	8353	8356		---501
8361	8363	8364	8365	8367	8374	8377	8377	8381	8384		---502
8389	8391	8392	8393	8395	8402	8405	8405	8409	8412		---503
8417	8419	8420	8421	8423	8430	8433	8433	8437	8440		---504
8445	8447	8448	8449	8451	8458	8461	8461	8465	8468		---505
8473	8475	8476	8477	8479	8486	8489	8489	8493	8496		---506
8501	8503	8504	8505	8507	8514	8517	8517	8521	8524		---507
8529	8531	8532	8533	8535	8542	8545	8545	8549	8552		---508
8557	8559	8560	8561	8563	8570	8573	8573	8577	8580		---509
8585	8587	8588	8589	8591	8598	8601	8601	8605	8608		---510
8613	8615	8616	8617	8619	8626	8629	8629	8633	8636		---511
8641	8643	8644	8645	8647	8654	8657	8657	8661	8664		---512
8669	8671	8672	8673	8675	8682	8685	8685	8689	8692		---513
8697	8699	8700	8701	8703	8710	8713	8713	8717	8720		---514
8725	8727	8728	8729	8731	8738	8741	8741	8745	8748		---515
8753	8755	8756	8757	8759	8766	8769	8769	8773	8776		---516
8781	8783	8784	8785	8787	8794	8797	8797	8801	8804		---517
8809	8811	8812	8813	8815	8822	8825	8825	8829	8832		---518
8837	8839	8840	8841	8843	8850	8853	8853	8857	8860		---519
8865	8867	8868	8869	8871	8878	8881	8881	8885	8888		---520
8893	8895	8896	8897	8899	8906	8909	8909	8913	8916		---521
8921	8923	8924	8925	8927	8934	8937	8937	8941	8944		---522
8949	8951	8952	8953	8955	8962	8965	8965	8969	8972		---523
8977	8979	8980	8981	8983	8990	8993	8993	8997	9000		---524
9005	9007	9008	9009	9011	9018	9021	9021	9025	9028		---525
9033	9035	9036	9037	9039	9046	9049	9049	9053	9056		---526
9061	9063	9064	9065	9067	9074	9077	9077	9081	9084		---527
9089	9091	9092	9093	9095	9102	9105	9105	9109	9112		---528
9117	9119	9120	9121	9123	9130	9133	9133	9137	9140		---529
9145	9147	9148	9149	9151	9158	9161	9161	9165	9168		---530
9173	9175	9176	9177	9179	9186	9189	9189	9193	9196		---531
9201	9203	9204	9205	9207	9214	9217	9217	9221	9224		---532
9229	9231	9232	9233	9235	9242	9245	9245	9249	9252		---533
9257	9259	9260	9261	9263	9270	9273	9273	9277	9280		---534
9285	9287	9288	9289	9291	9298	9301	9301	9305	9308		---535
9313	9315	9316	9317	9319	9326	9329	9329	9333	9336		---536
9341	9343	9344	9345	9347	9354	9357	9357	9361	9364		---537
9369	9371	9372	9373	9375	9382	9385	9385	9389	9392		---538
9397	9399	9400	9401	9403	9410	9413	9413	9417	9420		---539
9425	9427	9428	9429	9431	9438	9441	9441	9445	9448		---540
9453	9455	9456	9457	9459	9466	9469	9469	9473	9476		---541
9481	9483	9484	9485	9487	9494	9497	9497	9501	9504		---542
9509	9511	9512	9513	9515	9522	9525	9525	9529	9532		---543
9537	9539	9540	9541	9543	9550	9553	9553	9557	9560		---544
9565	9567	9568	9569	9571	9578	9581	9581	9585	9588		---545
9593	9595	9596	9597	9599	9606	9609	9609	9613	9616		---546
9621	9623	9624	9625	9627	9634	9637	9637	9641	9644		---547
9649	9651	9652	9653	9655	9662	9665	9665	9669	9672		---548
9677	9679	9680	9681	9683	9690	9693	9693	9697	9700		---549
9705	9707	9708	9709	9711	9718	9721	9721	9725	9728		---550
9733	9735	9736	9737	9739	9746	9749	9749	9753	9756		---551
9761	9763	9764	9765	9767	9774	9777	9777	9781	9784		---552
9789	9791	9792	9793	9795	9802	9805	9805	9809	9812		---553
9817	9819	9820	9821	9823	9830	9833	9833	9837	9840		---554
9845	9847	9848	9849	9851	9858	9861	9861	9865	9868		---555
9873	9875	9876	9877	9879	9886	9889	9889	9893	9896		---556
9901	9903	9904	9905	9907	9914	9917	9917	9921	9924		---557
9929	9931	9932	9933	9935	9942	9945	9945	9949	9952		---558
9957	9959	9960	9961	9963	9970	9973	9973	9977	9980		---559
9985	9987	9988	9989	9991	9998	10001	10001	10005	10008		---560
10013	10015	10016	10017	10019	10026	10029	10029	10033	10036		---561
10041	10043	10044	10045	10047	10054	10057	10057	10061	10064		---562
10069	10071	10072	10073	10075	10082	10085	10085	10089	10092		---563
10097	10099	10100	10101	10103	10110	10113	10113	10117	10120		---564
10125	10127	10128	10129	10131	10138	10141	10141	10145	10148		---565
10153	10155	10156	10157	10159	10166	10169	10169	10173	10176		---566
10181	10183	10184	10185	10187	10194	10197	10197	10201	10204		---567
10209	10211	10212	10213	10215	10222	10225	10225	10229	10232		---568
10237	10239	10240	10241	10243	10250	10253	10253	10257	10260		---569
10265	10267	10268	10269	10271	10278	10281	10281	10285	10288		---570
10293	10295	10296	10297	10299	10306	10309	10309	10313	10316		---571
10321	10323	10324	10325	10327	10334	10337	10337	10341	10344		---572
10349	10351	10352	10353	10355	10362	10365	10365	10369	10372		---573
10377	10379	10380	10381	10383	10390	10393	10393	10397	10400		---574
10405	10407	10408	10409	10411	10418	10421	10421	10425	10428		---575
10433	10435	10436	10437	10439	10446	10449	10449	10453	10456		---576
10461	10463	10464	10465	10467	10474	10477	10477	10481	10484		---577
10489	10491	10492	10493	10495	10502	10505	10505	10509	10512		---578
10517	10519	10520	10521	10523	10530	10533	10533	10537	10540		---579
10545	10547	10548	10549	10551	10558	10561	10561	10565	10568		---580
10573	10575	10576	10577	10579	10586	10589	10589	10593	10596		---581
10601	10603	10604	10605	10607	10614	10617	10617	10621	10624		---582
10629	10631	10632	10633	10635	10642	10645	10645	10649	10652		---583
10657	10659	10660	10661	10663	10670	10673	10673	10677	10680		---584
10685	10687	10688	10689	10691	10698	10701	10701	10705	10708		---585
10713	10715	10716	10717	10719	10726	10729	10729	10733	10736		---586
10741	10743	10744	10745	10747	10754	10757	10757	10761	10764		---587
10769	10771	10772	10773	10775	10782	10785	10785	10789	10792		---588
10797	10799	10800	10801	10803	10810	10813	10813	10817	10820		---589
10825	10827	10828	10829	10831	10838	10841	10841	10845	10848		---590
10853	10855	10856	10857	10859	10866	10869	10869	10873	10876		---591
10881	10883	10884	10885	10887	10894	10897	10897	10901	10904		---592
10909	10911	10912	10913	10915	10922	10925	10925	10929	10932		---593
10937	10939	10940	10941	10943	10950	10953	10953	10957	10960		---594
10965	10967	10968	10969	10971	10978	10981	10981	10985	10988		---595
10993	10995	10996	10997	10999	11006	11009	11009	11013	11016		---596
11021	11023	11024	11025	11027	11034	11037	11037	11041	11044		---597
11049	11051	11052	11053	11055	11062	11065	11065	11069	11072		---598
11077	11079	11080	11081	11083	11090	11093	11093	11097	11100		---599
11105	11107	11108	11109	11111	11118	11121	11121	11125	11128		---600
11133	11135	11136	11137	11139	11146	11149	11149	11153	11156		---601
11161	11163	11164	11165	11167	11174	11177	11177	11181	11184		---602
11189	11191	11192	11193	11195	11202	11205	11205	11209	11212		---603
11217	11219	11220	11221	11223	11230	11233	11233	11237	11240		---604
11245	11247	11248	11249	11251	11258	11261	11261	11265	11268		---605
11273	11275	11276	11277	11279	11286	11289	11289	11293	11296		---606
11301	11303	11304	11305	11307	11314	11317	11317	11321	11324		---607
11329	11331	11332	11333	11335	11342	11345	11345	11349	11352		---608
11357	11359	11360	11361	11363	11370	11373	11373	11377	11380		---609
11385	11387	11388	11389	11391	11398	11401	11401	11405	11408		---610
11413	11415	11416	11417	11419	11426	11429	11429	11433	11436		---611
11441	11443	11444	11445	11447	11454	11457	11457	11461	11464		---612
11469	11471	11472	11473	11475	11482	11485	11485	11489	11492		---613
11497	11499	11500	11501	11503	11510	11513	11513	11517	11520		---614
11525	11527	11528	11529	11531	11538	11541	11541	11545	11548		---615
11553	11555	11556	11557	11559	11566	11569	11569	11573	11576		---616
11581	11583	11584	11585	11587	11594	11597	11597	11601	11604		---617
11609	11611	11612	11613	11615	11622	11625	11625	11629	11632		---618
11637	11639	11640	11641	11643	11650	11653	11653	11657	11660		---619
11665	11667	11668	11669	11671	11678	11681	11681	11685	11688		---620
11693	11695	11696	11697	11699	11706	11709	11709	11713	11716		---621
11721	11723	11724	11725	11727	11734	11737	11737	11741	11744		---622
11749	11751	11752	11753	11755	11762	11765	11765	11769	11772		---623
11777	11779	11780	11781	11783	11790	11793	11793	11797	11800		---624
11805	11807	11808	11809	11811	11818	11821	11821	11825	11828		---625
11833	11835	11836	11837	11839	11846	11849	11849	11853	11856		---626
11861	11863	11864	11865	11867	11874	11877	11877	11881	11884		---627
11889	11891	11892	11893	11895	11902	11905	11905	11909	11912		---628
11917	11919	11920	11921	11923	11930	11933	11933	11937	11940		---629
11945	11947	11948	11949	11951	11958	11961	11961	11965	11968		---630
11973	11975	11976	11977	11979	11986	11989	11989	11993	11996		---631
12001	12003	12004	12005	12007	12014	12017	12017	12021	12024		---632
12029	12031	12032	12033	12035	12042	12045	12045	12049	12052		---633
12057	12059	12060	12061	12063	12070	12073	12073	12077	12080		---634
12085	12087	12088	12089	12091	12098	12101	12101	12105	12108		---635
12113	12115	12116	12117	12119	12126	12129	12129	12133	12136		---636
12141	12143	12144	12145	12147	12154	12157	12157	12161	12164		---637
12169	12171	12172	12173	12175	12182	12185	12185	12189	12192		---638
12197	12199	12200	12201	12203	12210	12213	12213	12217	12220		---639
12225	12227	12228	12229	12231	12238	12241	12241	12245	12248		---640
12253	12255	12256	12257	12259	12266	12269	12269	12273	12276		---641
12281	12283	12284	12285	12287	12294	12297	12297	12301	12304		---642
12309	12311	12312	12313	12315	12322	12325	12325	12329	12332		---643
12337	12339	12340	12341	12343	12350	12353	12353	12357	12360		---644
12365	12367	12368	12369	12371	12378	12381	12381	12385	12388		---645
12393	12395	12396	12397	12399	12406	12409	12409	12413	12416		---646
12421	12423	12424	12425	12427	12434	12437	12437	12441	12444		---647
12449	12451	12452	12453	12455	12462	12465	12465	12469	12472		---648
12477	12479	12480	12481	12483	12490	12493	12493	12497	12500		---649
12505	12507	12508	12509	12511	12518	12521	12521	12525	12528		---650
12533	12535	12536	12537	12539	12546	12549	12549	12553	12556		---651
12561	12563	12564	12565	12567	12574	12577	12577	12581	12584		---652
12589	12591	12592	12593	12595	12602	12605	12605	12609	12612		---653
12617	12619	12620	12621	12623	12630	12633	12633	12637	12640		---654
12645	12647	12648	12649	12651	12658	12661	12661	12665	12668		---655
12673	12675	12676	12677	12679	12686	12689	12689	12693	12696		---656
12701	12703	12704	12705	12707	12714	12717	12717	12721	12724		---657
12729	12731	12732	12733	12735	12742	12745	12745	12749	12752		---658
12757	12759	12760	12761	12763	12770	12773	12773	12777	12780		---659
12785	12787	12788	12789	12791	12798	12801	12801	12805	12808		---660
12813	12815	12816	12817	12819	12826	12829	12829	12833	12836		---661
12841	12843	12844	12845	12847	12854	12857	12857	12861	12864		---662
12869	12871	12872	12873	12875	12882	12885	12885	12889	12892		---663
12897	12899	12900	12901	12903	12910	12913	12913	12917	12920		---664
12925	12927	12928	12929	12931	12938	12941	12941	12945	12948		---665
12953	12955	12956	12957	12959	12966	12969	12969	12973	12976		---666
12981	12983	12984	12985	12987	12994	12997	12997	13001	13004		---667
13009	13011	13012	13013	13015	13022	13025	13025	13029	13032		---668
13037	13039	13040	13041	13043	13050	13053	13053	13057	13060		---669
13065	13067	13068	13069	13071	13078	13081	13081	13085	13088		---670
13093	13095	13096	13097	13099	13106	13109	13109	13113	13116		---671
13121	13123	13124	13125	13127	13134	13137	13137	13141	13144		---672
13149	13151	13152	13153	13155	13162	13165	13165	13169	13172		---673
13177	13179	13180	13181	13183	13190	13193	13193	13197	13200		---674
13205	13207	13208	13209	13211	13218	13221	13221	13225	13228		---675
13233	13235	13236	13237	13239	13246	13249	13249	13253	13256		---676
13261	13263	13264	13265	13267	13274	13277	13277	13281	13284		---677
13289	13291	13292	13293	13295	13302	13305	13305	13309	13312		---678
13317	13319	13320	13321	13323	13330	13333	13333	13337	13340		---679
13345	13347	13348	13349	13351	13358	13361	13361	13365	13368		---680
13373	13375	13376	13377	13379	13386	13389	13389	13393	13396		---681
13401	13403	13404	13405	13407	13414	13417	13417	13421	13424		---682
13429	13431	13432	13433	13435	13442	13445	13445	13449	13452		---683
13457	13459	13460	13461	13463	13470	13473	13473	13477	13480		---684
13485	13487	13488	13489	13491	13498	13501	13501	13505	13508		---685
13513	13515	13516	13517	13519	13526	13529	13529	13533	13536		---686
13541	13543	13544	13545	13547	13554	13557	13557	13561	13564		---687
13569	13571	13572	13573	13575	13582	13585	13585	13589	13592		---688
13597	13599	13600	13601	13603	13610	13613	13613	13617	13620		---689
13625	13627	13628	13629	13631	13638	13641	13641	13645	13648		---690
13653	13655	13656	13657	13659	13666	13669	13669	13673	13676		---691
13681	13683	13684	13685	13687	13694	13697	13697	13701	13704		---692
13709	13711	13712	13713	13715	13722	13725	13725	13729	13732		---693
13737	13739	13740	13741	13743	13750	13753	13753	13757	13760		---694
13765	13767	13768	13769	13771	13778	13781	13781	13785	13788		---695
13793	13795	13796	13797	13799	13806	13809	13809	13813	13816		---696
13821	13823	13824	13825	13827	13834	13837	13837	13841	13844		---697
13849	13851	13852	13853	13855	13862	13865	13865	13869	13872		---698
13877	13879	13880	13881	13883	13890	13893	13893	13897	13900		---699
13905	13907	13908	13909	13911	13918	13921	13921	13925	13928		---700
13933	13935	13936	13937	13939	13946	13949	13949	13953	13956		---701
13961	13963	13964	13965	13967	13974	13977	13977	13981	13984		---702
13989	13991	13992	13993	13995	14002	14005	14005	14009	14012		---703
14017	14019	14020	14021	14023	14030	14033	14033	14037	14040		---704
14045	14047	14048	14049	14051	14058	14061	14061	14065	14068		---705
14073	14075	14076	14077	14079	14086	14089	14089	14093	14096		---706
14101	14103	14104	14105	14107	14114	14117	14117	14121	14124		---707
14129	14131	14132	14133	14135	14142	14145	14145	14149	14152		---708
14157	14159	14160	14161	14163	14170	14173	14173	14177	14180		---709
14185	14187	14188	14189	14191	14198	14201	14201	14205	14208		---710
14213	14215	14216	14217	14219	14226	14229	14229	14233	14236		---711
14241	14243	14244	14245	14247	14254	14257	14257	14261	14264		---712
14269	14271	14272	14273	14275	14282	14285	14285	14289	14292		---713
14297	14299	14300	14301	14303	14310	14313	14313	14317	14320		---714
14325	14327	14328	14329	14331	14338	14341	14341	14345	14348		---715
14353	14355	14356	14357	14359	14366	14369	14369	14373	14376		---716
14381	14383	14384	14385	14387	14394	14397	14397	14401	14404		---717
14409	14411	14412	14413	14415	14422	14425	14425	14429	14432		---718
14437	14439	14440	14441	14443	14450	14453	14453	14457	14460		---719
14465	14467	14468	14469	14471	14478	14481	14481	14485	14488		---720
14493	14495	14496	14497	14499	14506	14509	14509	14513	14516		---721
14521	14523	14524	14525	14527	14534	14537	14537	14541	14544		---722
14549	14551	14552	14553	14555	14562	14565	14565	14569	14572		---723
14577	14579	14580	14581	14583	14590	14593	14593	14597	14600		---724
14605	14607	14608	14609	14611	14618	14621	14621	14625	14628		---725
14633	14635	14636	14637	14639	14646	14649	14649	14653	14656		---726
14661	14663	14664	14665	14667	14674	14677	14677	14681	14684		---727
14689	14691	14692	14693	14695	14702	14705	14705	14709	14712		---728
14717	14719	14720	14721	14723	14730	14733	14733	14737	14740		---729
14745	14747	14748	14749	14751	14758	14761	14761	14765	14768		---730
14773	14775	14776	14777	14779	14786	14789	14789	14793	14796		---731
14801	14803	14804	14805	14807	14814	14817	14817	14821	14824		---732
14829	14831	14832	14833	14835	14842	14845	14845	14849	14852		---733
14857	14859	14860	14861	14863	14870	14873	14873	14877	14880		---734
14885	14887	14888	14889	14891	14898	14901	14901	14905	14908		---735
14913	14915	14916	14917	14919	14926	14929	14929	14933	14936		---736
14941	14943	14944	14945	14947	14954	14957	14957	14961	14964		---737
14969	14971	14972	14973	14975	14982	14985	14985	14989	14992		---738
14997	14999	15000	15001	15003	15010	15013	15013	15017	15020		---739
15025	15027	15028	15029	15031	15038	15041	15041	15045	15048		---740
15053	15055	15056	15057	15059	15066	15069	15069	15073	15076		---741
15081	15083	15084	15085	15087	15094	15097	15097	15101	15104		---742
15109	15111	15112	15113	15115	15122	15125	15125	15129	15132		---743
15137	15139	15140	15141	15143	15150	15153	15153	15157	15160		---744
15165	15167	15168	15169	15171	15178	15181	15181	15185	15188		---745
15193	15195	15196	15197	15199	15206	15209	15209	15213	15216		---746
15221	15223	15224	15225	15227	15234	15237	15237	15241	15244		---747
15249	15251	15252	15253	15255	15262	15265	15265	15269	15272		---748
15277	15279	15280	15281	15283	15290	15293	15293	15297	15300		---749
15305	15307	15308	15309	15311	15318	15321	15321	15325	15328		---750
15333	15335	15336	15337	15339	15346	15349	15349	15353	15356		---751
15361	15363	15364	15365	15367	15374	15377	15377	15381	15384		---752
15389	15391	15392	15393	15395	15402	15405	15405	15409	15412		---753
15417	15419	15420	15421	15423	15430	15433	15433	15437	15440		---754
15445	15447	15448	15449	15451	15458	15461	15461	15465	15468		---755
15473	15475	15476	15477	15479	15486	15489	15489	15493	15496		---756
15501	15503	15504	15505	15507	15514	15517	15517	15521	15524		---757
15529	15531	15532	15533	15535	15542	15545	15545	15549	15552		---758
15557	15559	15560	15561	15563	15570	15573	15573	15577	15580		---759
15585	15587	15588	15589	15591	15598	15601	15601	15605	15608		---760
15613	15615	15616	15617	15619	15626	15629	15629	15633	15636		---761
15641	15643	15644	15645	15647	15654	15657	15657	15661	15664		---762
15669	15671	15672	15673	15675	15682	15685	15685	15689	15692		---763
15697	15699	15700	15701	15703	15710	15713	15713	15717	15720		---764
15725	15727	15728	15729	15731	15738	15741	15741	15745	15748		---765
15753	15755	15756	15757	15759	15766	15769	15769	15773	15776		---766
15781	15783	15784	15785	15787	15794	15797	15797	15801	15804		---767
15809	15811	15812	15813	15815	15822	15825	15825	15829	15832		---768
15837	15839	15840	15841	15843	15850	15853	15853	15857	15860		---769
15865	15867	15868	15869	15871	15878	15881	15881	15885	15888		---770
15893	15895	15896	15897	15899	15906	15909	15909	15913	15916		---771
15921	15923	15924	15925	15927	15934	15937	15937	15941	15944		---772
15949	15951	15952	15953	15955	15962	15965	15965	15969	15972		---773
15977	15979	15980	15981	15983	15990	15993	15993	15997	16000		---774
16005	16007	16008	16009	16011	16018	16021	16021	16025	16028		---775
16033	16035	16036	16037	16039	16046	16049	16049	16053	16056		---776
16061	16063	16064	16065	16067	16074	16077	16077	16081	16084		---777
16089	16091	16092	16093	16095	16102	16105	16105	16109	16112		---778
16117	16119	16120	16121	16123	16130	16133	16133	16137	16140		---779
16145	16147	16148	16149	16151	16158	16161	16161	16165	16168		---780
16173	16175	16176	16177	16179	16186	16189	16189	16193	16196		---781
16201	16203	16204	16205	16207	16214	16217	16217	16221	16224		---782
16229	16231	16232	16233	16235	16242	16245	16245	16249	16252		---783
16257	16259	16260	16261	16263	16270	16273	16273	16277	16280		---784
16285	16287	16288	16289	16291	16298	16301	16301	16305	16308		---785
16313	16315	16316	16317	16319	16326	16329	16329	16333	16336		---786
16341	16343	16344	16345	16347	16354	16357	16357	16361	16364		---787
16369	16371	16372	16373	16375	16382	16385	16385	16389	16392		---788
16397	16399	16400	16401	16403	16410	16413	16413	16417	16420		---789
16425	16427	16428	16429	16431	16438	16441	16441	16445	16448		---790
16453	16455	16456	16457	16459	16466	16469	16469	16473	16476		---791
16481	16483	16484	16485	16487	16494	16497	16497	16501	16504		---792
16509	16511	16512	16513	16515	16522	16525	16525	16529	16532		---793
16537	16539	16540	16541	16543	16550	16553	16553	16557	16560		---794
16565	16567	16568	16569	16571	16578	16581	16581	16585	16588		---795
16593	16595	16596	16597	16599	16606	16609	16609	16613	16616		---796
16621	16623	16624	16625	16627	16634	16637	16637	16641	16644		---797
16649	16651	16652	16653	16655	16662	16665	16665	16669	16672		---798
16677	16679	16680	16681	16683	16690	16693	16693	16697	16700		---799
16705	16707	16708	16709	16711	16718	16721	16721	16725	16728		---800
16733	16735	16736	16737	16739	16746	16749	16749	16753	16756		---801
16761	16763	16764	16765	16767	16774	16777	16777	16781	16784		---802
16789	16791	16792	16793	16795	16802	16805	16805	16809	16812		---803
16817	16819	16820	16821	16823	16830	16833	16833	16837	16840		---804
16845	16847	16848	16849	16851	16858	16861	16861	16865	16868		---805
16873	16875	16876	16877	16879	16886	16889	16889	16893	16896		---806
16901	16903	16904	16905	16907	16914	16917	16917	16921	16924		---807
16929	16931	16932	16933	16935	16942	16945	16945	16949	16952		---808
16957	16959	16960	16961	16963	16970	16973	16973	16977	16980		---809
16985	16987	16988	16989	16991	16998	17001	17001	17005	17008		---810
17013	17015	17016	17017	17019	17026	17029	17029	17033	17036		---811
17041	17043	17044	17045	17047	17054	17057	17057	17061	17064		---812
17069	17071	17072	17073	17075	17082	17085	17085	17089	17092		---813
17097	17099	17100	17101	17103	17110	17113	17113	17117	17120		---814
17125	17127	17128	17129	17131	17138	17141	17141	17145	17148		---815
17153	17155	17156	17157	17159	17166	17169	17169	17173	17176		---816
17181	17183	17184	17185	17187	17194	17197	17197	17201	17204		---817
17209	17211	17212	17213	17215	17222	17225	17225	17229	17232		---818
17237	17239	17240	17241	17243	17250	17253	17253	17257	17260		---819
17265	17267	17268	17269	17271	17278	17281	17281	17285	17288		---820
17293	17295	17296	17297	17299	17306	17309	17309	17313	17316		---821
17321	17323	17324	17325	17327	17334	17337	17337	17341	17344		---822
17349	17351	17352	17353	17355	17362	17365	17365	17369	17372		---823
17377	17379	17380	17381	17383	17390	17393	17393	17397	17400		---824
17405	17407	17408	17409	17411	17418	17421	17421	17425	17428		---825
17433	17435	17436	17437	17439	17446	17449	17449	17453	17456		---826
17461	17463	17464	17465	17467	17474	17477	17477	17481	17484		---827
17489	17491	17492	17493	17495	17502	17505	17505	17509	17512		---828
17517	17519	17520	17521	17523	17530	17533	17533	17537	17540		---829
17545	17547	17548	17549	17551	17558	17561	17561	17565	17568		---830
17573	17575	17576	17577	17579	17586	17589	17589	17593	17596		---831
17601	17603	17604	17605	17607	17614	17617	17617	17621	17624		---832
17629	17631	17632	17633	17635	17642	17645	17645	17649	17652		---833
17657	17659	17660	17661	17663	17670	17673	17673	17677	17680		---834
17685	17687	17688	17689	17691	17698	17701	17701	17705	17708		---835
17713	17715	17716	17717	17719	17726	17729	17729	17733	17736		---836
17741	17743	17744	17745	17747	17754	17757	17757	17761	17764		---837
17769	17771	17772	17773	17775	17782	17785	17785	17789	17792		---838
17797	17799	17800	17801	17803	17810	17813	17813	17817	17820		---839
17825	17827	17828	17829	17831	17838	17841	17841	17845	17848		---840
17853	17855	17856	17857	17859	17866	17869	17869	17873	17876		---841
17881	17883	17884	17885	17887	17894	17897	17897	17901	17904		---842
17909	17911	17912	17913	17915	17922	17925	17925	17929	17932		---843
17937	17939	17940	17941	17943	17950	17953	17953	17957	17960		---844
17965	17967	17968	17969	17971	17978	17981	17981	17985	17988		---845
17993	17995	17996	17997	17999	18006	18009	18009	18013	18016		---846
18021	18023	18024	18025	18027	18034	18037	18037	18041	18044		---847
18049	18051	18052	18053	18055	18062	18065	18065	18069	18072		---848
18077	18079	18080	18081	18083	18090	18093	18093	18097	18100		---849
18105	18107	18108	18109	18111	18118	18121	18121	18125	18128		---850
18133	18135	18136	18137	18139	18146	18149	18149	18153	18156		---851
18161	18163	18164	18165	18167	18174	18177	18177	18181	18184		---852
18189	18191	18192	18193	18195	18202	18205	18205	18209	18212		---853
18217	18219	18220	18221	18223	18230	18233	18233	18237	18240		---854
18245	18247	18248	18249	18251	18258	18261	18261	18265	18268		---855
18273	18275	18276	18277	18279	18286	18289	18289	18293	18296		---856
18301	18303	18304	18305	18307	18314	18317	18317	18321	18324		---857
18329	18331	18332	18333	18335	18342	18345	18345	18349	18352		---858
18357	18359	18360	18361	18363	18370	18373	18373	18377	18380		---859
18385	18387	18388	18389	18391	18398	18401	18401	18405	18408		---860
18413	18415	18416	18417	18419	18426	18429	18429	18433	18436		---861
18441	18443	18444	18445	18447	18454	18457	18457	18461	18464		---862
18469	18471	18472	18473	18475	18482	18485	18485	18489	18492		---863
18497	18499	18500	18501	18503	18510	18513	18513	18517	18520		---864
18525	18527	18528	18529	18531	18538	18541	18541	18545	18548		---865
18553	18555	18556	18557	18559	18566	18569	18569	18573	18576		---866
18581	18583	18584	18585	18587	18594	18597	18597	18601	18604		---867
18609	18611	18612	18613	18615	18622	18625	18625	18629	18632		---868
18637	18639	18640	18641	18643	18650	18653	18653	18657	18660		---869
18665	18667	18668	18669	18671	18678	18681	18681	18685	18688		---870
18693	18695	18696	18697	18699	18706	18709	18709	18713	18716		---871
18721	18723	18724	18725	18727	18734	18737	18737	18741	18744		---872
18749	18751	18752	18753	18755	18762	18765	18765	18769	18772		---873
18777	18779	18780	18781	18783	18790	18793	18793	18797	18800		---874
18805	18807	18808	18809	18811	18818	18821	18821	18825	18828		---875
18833	18835	18836	18837	18839	18846	18849	18849	18853	18856		---876
18861	18863	18864	18865	18867	18874	18877	18877	18881	18884		---877
18889	18891	18892	18893	18895	18902	18905	18905	18909	18912		---878
18917	18919	18920	18921	18923	18930	18933	18933	18937	18940		---879
18945	18947	18948	18949	18951	18958	18961	18961	18965	18968		---880
18973	18975	18976	18977	18979	18986	18989	18989	18993	18996		---881
19001	19003	19004	19005	19007	19014	19017	19017	19021	19024		---882
19029	19031	19032	19033	19035	19042	19045	19045	19049	19052		---883
19057	19059	19060	19061	19063	19070	19073	19073	19077	19080		---884
19085	19087	19088	19089	19091	19098	19101	19101	19105	19108		---885
19113	19115	19116	19117	19119	19126	19129	19129	19133	19136		---886
19141	19143	19144	19145	19147	19154	19157	19157	19161	19164		---887
19169	19171	19172	19173	19175	19182	19185	19185	19189	19192		---888
19197	19199	19200	19201	19203	19210	19213	19213	19217	19220		---889
19225	19227	19228	19229	19231	19238	19241	19241	19245	19248		---890
19253	19255	19256	19257	19259	19266	19269	19269	19273	19276		---891
19281	19283	19284	19285	19287	19294	19297	19297	19301	19304		---892
19309	19311	19312	19313	19315	19322	19325	19325	19329	19332		---893
19337	19339	19340	19341	19343	19350	19353	19353	19357	19360		---894
19365	19367	19368	19369	19371	19378	19381	19381	19385	19388		---895
19393	19395	19396	19397	19399	19406	19409	19409	19413	19416		---896
19421	19423	19424	19425	19427	19434	19437	19437	19441	19444		---897
19449	19451	19452	19453	19455	19462	19465	19465	19469	19472		---898
19477	19479	19480	19481	19483	19490	19493	19493	19497	19500		---899
19505	19507	19508	19509	19511	19518	19521	19521	19525	19528		---900
19533	19535	19536	19537	19539	19546	19549	19549	19553	19556		---901
19561	19563	19564	19565	19567	19574	19577	19577	19581	19584		---902
19589	19591	19592	19593	19595	19602	19605	19605	19609	19612		---903
19617	19619	19620	19621	19623	19630	19633	19633	19637	19640		---904
19645	19647	19648	19649	19651	19658	19661	19661	19665	19668		---905
19673	19675	19676	19677	19679	19686	19689	19689	19693	19696		---906
19701	19703	19704	19705	19707	19714	19717	19717	19721	19724		---907
19729	19731	19732	19733	19735	19742	19745	19745	19749	19752		---908
19757	19759	19760	19761	19763	19770	19773	19773	19777	19780		---909
19785	19787	19788	19789	19791	19798	19801	19801	19805	19808		---910
19813	19815	19816	19817	19819	19826	19829	19829	19833	19836		---911
19841	19843	19844	19845	19847	19854	19857	19857	19861	19864		---912
19869	19871	19872	19873	19875	19882	19885	19885	19889	19892		---913
19897	19899	19900	19901	19903	19910	19913	19913	19917	19920		---914
19925	19927	19928	19929	19931	19938	19941	19941	19945	19948		---915
19953	19955	19956	19957	19959	19966	19969	19969	19973	19976		---916
19981	19983	19984	19985	19987	19994	19997	19997	20001	20004		---917
20009	20011	20012	20013	20015	20022	20025	20025	20029	20032		---918
20037	20039	20040	20041	20043	20050	20053	20053	20057	20060		---919
20065	20067	20068	20069	20071	20078	20081	20081	20085	20088		---920
20093	20095	20096	20097	20099	20106	20109	20109	20113	20116		---921
20121	20123	20124	20125	20127	20134	20137	20137	20141	20144		---922
20149	20151	20152	20153	20155	20162	20165	20165	20169	20172		---923
20177	20179	20180	20181	20183	20190	20193	20193	20197	20200		---924
20205	20207	20208	20209	20211	20218	20221	20221	20225	20228		---925
20233	20235	20236	20237	20239	20246	20249	20249	20253	20256		---926
20261	20263	20264	20265	20267	20274	20277	20277	20281	20284		---927
20289	20291	20292	20293	20295	20302	20305	20305	20309	20312		---928
20317	20319	20320	20321	20323	20330	20333	20333	20337	20340		---929
20345	20347	20348	20349	20351	20358	20361	20361	20365	20368		---930
20373	20375	20376	20377	20379	20386	20389	20389	20393	20396		---931
20401	20403	20404	20405	20407	20414	20417	20417	20421	20424		---932
20429	20431	20432	20433	20435	20442	20445	20445	20449	20452		---933
20457	20459	20460	20461	20463	20470	20473	20473	20477	20480		---934
20485	20487	20488	20489	20491	20498	20501	20501	20505	20508		---935
20513	20515	20516	20517	20519	20526	20529	20529	20533	20536		---936
20541	20543	20544	20545	20547	20554	20557	20557	20561	20564		---937
20569	20571	20572	20573	20575	20582	20585	20585	20589	20592		---938
20597	20599	20600	20601	20603	20610	20613	20613	20617	20620		---939
20625	20627	20628	20629	20631	20638	20641	20641	20645	20648		---940
20653	20655	20656	20657	20659	20666	20669	20669	20673	20676		---941
20681	20683	20684	20685	20687	20694	20697	20697	20701	20704		---942
20709	20711	20712	20713	20715	20722	20725	20725	20729	20732		---943
20737	20739	20740	20741	20743	20750	20753	20753	20757	20760		---944
20765	20767	20768	20769	20771	20778	20781	20781	20785	20788		---945
20793	20795	20796	20797	20799	20806	20809	20809	20813	20816		---946
20821	20823	20824	20825	20827	20834	20837	20837	20841	20844		---947
20849	20851	20852	20853	20855	20862	20865	20865	20869	20872		---948
20877	20879	20880	20881	20883	20890	20893	20893	20897	20900		---949
20905	20907	20908	20909	20911	20918	20921	20921	20925	20928		---950
20933	20935	20936	20937	20939	20946	20949	20949	20953	20956		---951
20961	20963	20964	20965	20967	20974	20977	20977	20981	20984		---952
20989	20991	20992	20993	20995	21002	21005	21005	21009	21012		---953
21017	21019	21020	21021	21023	21030	21033	21033	21037	21040		---954
21045	21047	21048	21049	21051	21058	21061	21061	21065	21068		---955
21073	21075	21076	21077	21079	21086	21089	21089	21093	21096		---956
21101	21103	21104	21105	21107	21114	21117	21117	21121	21124		---957
21129	21131	21132	21133	21135	21142	21145	21145	21149	21152		---958
21157	21159	21160	21161	21163	21170	21173	21173	21177	21180		---959
21185	21187	21188	21189	21191	21198	21201	21201	21205	21208		---960
21213	21215	21216	21217	21219	21226	21229	21229	21233	21236		---961
21241	21243	21244	21245	21247	21254	21257	21257	21261	21264		---962
21269	21271	21272	21273	21275	21282	21285	21285	21289	21292		---963
21297	21299	21300	21301	21303	21310	21313	21313	21317	21320		---964
21325	21327	21328	21329	21331	21338	21341	21341	21345	21348		---965
21353	21355	21356	21357	21359	21366	21369	21369	21373	21376		---966
21381	21383	21384	21385	21387	21394	21397	21397	21401	21404		---967
21409	21411	21412	21413	21415	21422	21425	21425	21429	21432		---968
21437	21439	21440	21441	21443	21450	21453	21453	21457	21460		---969
21465	21467	21468	21469	21471	21478	21481	21481	21485	21488		---970
21493	21495	21496	21497	21499	21506	21509	21509	21513	21516		---971
21521	21523	21524	21525	21527	21534	21537	21537	21541	21544		---972
21549	21551	21552	21553	21555	21562	21565	21565	21569	21572		---973
21577	21579	21580	21581	21583	21590	21593	21593	21597	21600		---974
21605	21607	21608	21609	21611	21618	21621	21621	21625	21628		---975
21633	21635	21636	21637	21639	21646	21649	21649	21653	21656		---976
21661	21663	21664	21665	21667	21674	21677	21677	21681	21684		---977
21689	21691	21692	21693	21695	21702	21705	21705	21709	21712		---978
21717	21719	21720	21721	21723	21730	21733	21733	21737	21740		---979
21745	21747	21748	21749	21751	21758	21761	21761	21765	21768		---980
21773	21775	21776	21777	21779	21786	21789	21789	21793	21796		---981
21801	21803	21804	21805	21807	21814	21817	21817	21821	21824		---982
21829	21831	21832	21833	21835	21842	21845	21845	21849	21852		---983
21857	21859	21860	21861	21863	21870	21873	21873	21877	21880		---984
21885	21887	21888	21889	21891	21898	21901	21901	21905	21908		---985
21913	21915	21916	21917	21919	21926	21929	21929	21933	21936		---986
21941	21943	21944	21945	21947	21954	21957	21957	21961	21964		---987
21969	21971	21972	21973	21975	21982	21985	21985	21989	21992		---988
21997	21999	22000	22001	22003	22010	22013	22013	22017	22020		---989
22025	22027	22028	22029	22031	22038	22041	22041	22045	22048		---990
22053	22055	22056	22057	22059	22066	22069	22069	22073	22076		---991
22081	22083	22084	22085	22087	22094	22097	22097	22101	22104		---992
22109	22111	22112	22113	22115	22122	22125	22125	22129	22132		---993
22137	22139	22140	22141	22143	22150	22153	22153	22157	22160		---994
22165	22167	22168	22169	22171	22178	22181	22181	22185	22188		---995
22193	22195	22196	22197	22199	22206	22209	22209	22213	22216		---996
22221	22223	22224	22225	22227	22234	22237	22237	22241	22244		---997
22249	22251	22252	22253	22255	22262	22265	22265	22269	22272		---998
22277	22279	22280	22281	22283	22290	22293	22293	22297	22300		---999
22305	22307	22308	22309	22311	22318	22321	22321	22325	22328		---1000
22333	22335	22336	22337	22339	22346	22349	22349	22353	22356		---1001
22361	22363	22364	22365	22367	22374	22377	22377	22381	22384		---1002
22389	22391	22392	22393	22395	22402	22405	22405	22409	22412		---1003
22417	22419	22420	22421	22423	22430	22433	22433	22437	22440		---1004
22445	22447	22448	22449	22451	22458	22461	22461	22465	22468		---1005
22473	22475	22476	22477	22479	22486	22489	22489	22493	22496		---1006
22501	22503	22504	22505	22507	22514	22517	22517	22521	22524		---1007
22529	22531	22532	22533	22535	22542	22545	22545	22549	22552		---1008
22557	22559	22560	22561	22563	22570	22573	22573	22577	22580		---1009
22585	22587	22588	22589	22591	22598	22601	22601	22605	22608		---1010
22613	22615	22616	22617	22619	22626	22629	22629	22633	22636		---1011
22641	22643	22644	22645	22647	22654	22657	22657	22661	22664		---1012
22669	22671	22672	22673	22675	22682	22685	22685	22689	22692		---1013
22697	22699	22700	22701	22703	22710	22713	22713	22717	22720		---1014
22725	22727	22728	22729	22731	22738	22741	22741	22745	22748		---1015
22753	22755	22756	22757	22759	22766	22769	22769	22773	22776		---1016
22781	22783	22784	22785	22787	22794	22797	22797	22801	22804		---1017
22809	22811	22812	22813	22815	22822	22825	22825	22829	22832		---1018
22837	22839	22840	22841	22843	22850	22853	22853	22857	22860		---1019
22865	22867	22868	22869	22871	22878	22881	22881	22885	22888		---1020
22893	22895	22896	22897	22899	22906	22909	22909	22913	22916		---1021
22921	22923	22924	22925	22927	22934	22937	22937	22941	22944		---1022
22949	22951	22952	22953	22955	22962	22965	22965	22969	22972		---1023
22977	22979	22980	22981	22983	22990	22993	22993	22997	23000		---1024
23005	23007	23008	23009	23011	23018	23021	23021	23025	23028		---1025
23033	23035	23036	23037	23039	23046	23049	23049	23053	23056		---1026
23061	23063	23064	23065	23067	23074	23077	23077	23081	23084		---1027
23089	23091	23092	23093	23095	23102	23105	23105	23109	23112		---1028
23117	23119	23120	23121	23123	23130	23133	23133	23137	23140		---1029
23145	23147	23148	23149	23151	23158	23161	23161	23165	23168		---1030
23173	23175	23176	23177	23179	23186	23189	23189	23193	23196		---1031
23201	23203	23204	23205	23207	23214	23217	23217	23221	23224		---1032
23229	23231	23232	23233	23235	23242	23245	23245	23249	23252		---1033
23257	23259	23260	23261	23263	23270	23273	23273	23277	23280		---1034
23285	23287	23288	23289	23291	23298	23301	23301	23305	23308		---1035
23313	23315	23316	23317	23319	23326	23329	23329	23333	23336		---1036
23341	23343	23344	23345	23347	23354	23357	23357	23361	23364		---1037
23369	23371	23372	23373	23375	23382	23385	23385	23389	23392		---1038
23397	23399	23400	23401	23403	23410	23413	23413	23417	23420		---1039
23425	23427	23428	23429	23431	23438	23441	23441	23445	23448		---1040
23453	23455	23456	23457	23459	23466	23469	23469	23473	23476		---1041
23481	23483	23484	23485	23487	23494	23497	23497	23501	23504		---1042
23509	23511	23512	23513	23515	23522	23525	23525	23529	23532		---1043
23537	23539	23540	23541	23543	23550	23553	23553	23557	23560		---1044
23565	23567	23568	23569	23571	23578	23581	23581	23585	23588		---1045
23593	23595	23596	23597	23599	23606	23609	23609	23613	23616		---1046
23621	23623	23624	23625	23627	23634	23637	23637	23641	23644		---1047
23649	23651	23652	23653	23655	23662	23665	23665	23669	23672		---1048
23677	23679	23680	23681	23683	23690	23693	23693	23697	23700		---1049
23705	23707	23708	23709	23711	23718	23721	23721	23725	23728		---1050
23733	23735	23736	23737	23739	23746	23749	23749	23753	23756		---1051
23761	23763	23764	23765	23767	23774	23777	23777	23781	23784		---1052
23789	23791	23792	23793	23795	23802	23805	23805	23809	23812		---1053
23817	23819	23820	23821	23823	23830	23833	23833	23837	23840		---1054
23845	23847	23848	23849	23851	23858	23861	23861	23865	23868		---1055
23873	23875	23876	23877	23879	23886	23889	23889	23893	23896		---1056
23901	23903	23904	23905	23907	23914	23917	23917	23921	23924		---1057
23929	23931	23932	23933	23935	23942	23945	23945	23949	23952		---1058
23957	23959	23960	23961	23963	23970	23973	23973	23977	23980		---1059
23985	23987	23988	23989	23991	23998	24001	24001	24005	24008		---1060
24013	24015	24016	24017	24019	24026	24029	24029	24033	24036		---1061
24041	24043	24044	24045	24047	24054	24057	24057	24061	24064		---1062
24069	24071	24072	24073	24075	24082	24085	24085	24089	24092		---1063
24097	24099	24100	24101	24103	24110	24113	24113	24117	24120		---1064
24125	24127	24128	24129	24131	24138	24141	24141	24145	24148		---1065
24153	24155	24156	24157	24159	24166	24169	24169	24173	24176		---1066
24181	24183	24184	24185	24187	24194	24197	24197	24201	24204		---1067
24209	24211	24212	24213	24215	24222	24225	24225	24229	24232		---1068
24237	24239	24240	24241	24243	24250	24253	24253	24257	24260		---1069
24265	24267	24268	24269	24271	24278	24281	24281	24285	24288		---1070
24293	24295	24296	24297	24299	24306	24309	24309	24313	24316		---1071
24321	24323	24324	24325	24327	24334	24337	24337	24341	24344		---1072
24349	24351	24352	24353	24355	24362	24365	24365	24369	24372		---1073
24377	24379	24380	24381	24383	24390	24393	24393	24397	24400		---1074
24405	24407	24408	24409	24411	24418	24421	24421	24425	24428		---1075
24433	24435	24436	24437	24439	24446	24449	24449	24453	24456		---1076
24461	24463	24464	24465	24467	24474	24477	24477	24481	24484		---1077
24489	24491	24492	24493	24495	24502	24505	24505	24509	24512		---1078
24517	24519	24520	24521	24523	24530	24533	24533	24537	24540		---1079
24545	24547	24548	24549	24551	24558	24561	24561	24565	24568		---1080
24573	24575	24576	24577	24579	24586	24589	24589	24593	24596		---1081
24601	24603	24604	24605	24607	24614	24617	24617	24621	24624		---1082
24629	24631	24632	24633	24635	24642	24645	24645	24649	24652		---1083
24657	24659	24660	24661	24663	24670	24673	24673	24677	24680		---1084
24685	24687	24688	24689	24691	24698	24701	24701	24705	24708		---1085
24713	24715	24716	24717	24719	24726	24729	24729	24733	24736		---1086
24741	24743	24744	24745	24747	24754	24757	24757	24761	24764		---1087
24769	24771	24772	24773	24775	24782	24785	24785	24789	24792		---1088
24797	24799	24800	24801	24803	24810	24813	24813	24817	24820		---1089
24825	24827	24828	24829	24831	24838	24841	24841	24845	24848		---1090
24853	24855	24856	24857	24859	24866	24869	24869	24873	24876		---1091
24881	24883	24884	24885	24887	24894	24897	24897	24901	24904		---1092
24909	24911	24912	24913	24915	24922	24925	24925	24929	24932		---1093
24937	24939	24940	24941	24943	24950	24953	24953	24957	24960		---1094
24965	24967	24968	24969	24971	24978	24981	24981	24985	24988		---1095
24993	24995	24996	24997	24999	25006	25009	25009	25013	25016		---1096
25021	25023	25024	25025	25027	25034	25037	25037	25041	25044		---1097
25049	25051	25052	25053	25055	25062	25065	25065	25069	25072		---1098
25077	25079	25080	25081	25083	25090	25093	25093	25097	25100		---1099
25105	25107	25108	25109	25111	25118	25121	25121	25125	25128		---1100
25133	25135	25136	25137	25139	25146	25149	25149	25153	25156		---1101
25161	25163	25164	25165	25167	25174	25177	25177	25181	25184		---1102
25189	25191	25192	25193	25195	25202	25205	25205	25209	25212		---1103
25217	25219	25220	25221	25223	25230	25233	25233	25237	25240		---1104
25245	25247	25248	25249	25251	25258	25261	25261	25265	25268		---1105
25273	25275	25276	25277	25279	25286	25289	25289	25293	25296		---1106
25301	25303	25304	25305	25307	25314	25317	25317	25321	25324		---1107
25329	25331	25332	25333	25335	25342	25345	25345	25349	25352		---1108
25357	25359	25360	25361	25363	25370	25373	25373	25377	25380		---1109
25385	25387	25388	25389	25391	25398	25401	25401	25405	25408		---1110
25413	25415	25416	25417	25419	25426	25429	25429	25433	25436		---1111
25441	25443	25444	25445	25447	25454	25457	25457	25461	25464		---1112
25469	25471	25472	25473	25475	25482	25485	25485	25489	25492		---1113
25497	25499	25500	25501	25503	25510	25513	25513	25517	25520		---1114
25525	25527	25528	25529	25531	25538	25541	25541	25545	25548		---1115
25553	25555	25556	25557	25559	25566	25569	25569	25573	25576		---1116
25581	25583	25584	25585	25587	25594	25597	25597	25601	25604		---1117
25609	25611	25612	25613	25615	25622	25625	25625	25629	25632		---1118
25637	25639	25640	25641	25643	25650	25653	25653	25657	25660		---1119
25665	25667	25668	25669	25671	25678	25681	25681	25685	25688		---1120
25693	25695	25696	25697	25699	25706	25709	25709	25713	25716		---1121
25721	25723	25724	25725	25727	25734	25737	25737	25741	25744		---1122
25749	25751	25752	25753	25755	25762	25765	25765	25769	25772		---1123
25777	25779	25780	25781	25783	25790	25793	25793	25797	25800		---1124
25805	25807	25808	25809	25811	25818	25821	25821	25825	25828		---1125
25833	25835	25836	25837	25839	25846	25849	25849	25853	25856		---1126
25861	25863	25864	25865	25867	25874	25877	25877	25881	25884		---1127
25889	25891	25892	25893	25895	25902	25905	25905	25909	25912		---1128
25917	25919	25920	25921	25923	25930	25933	25933	25937	25940		---1129
25945	25947	25948	25949	25951	25958	25961	25961	25965	25968		---1130
25973	25975	25976	25977	25979	25986	25989	25989	25993	25996		---1131
26001	26003	26004	26005	26007	26014	26017	26017	26021	26024		---1132
26029	26031	26032	26033	26035	26042	26045	26045	26049	26052		---1133
26057	26059	26060	26061	26063	26070	26073	26073	26077	26080		---1134
26085	26087	26088	26089	26091	26098	26101	26101	26105	26108		---1135
26113	26115	26116	26117	26119	26126	26129	26129	26133	26136		---1136
26141	26143	26144	26145	26147	26154	26157	26157	26161	26164		---1137
26169	26171	26172	26173	26175	26182	26185	26185	26189	26192		---1138
26197	26199	26200	26201	26203	26210	26213	26213	26217	26220		---1139
26225	26227	26228	26229	26231	26238	26241	26241	26245	26248		---1140
26253	26255	26256	26257	26259	26266	26269	26269	26273	26276		---1141
26281	26283	26284	26285	26287	26294	26297	26297	26301	26304		---1142
26309	26311	26312	26313	26315	26322	26325	26325	26329	26332		---1143
26337	26339	26340	26341	26343	26350	26353	26353	26357	26360		---1144
26365	26367	26368	26369	26371	26378	26381	26381	26385	26388		---1145
26393	26395	26396	26397	26399	26406	26409	26409	26413	26416		---1146
26421	26423	26424	26425	26427	26434	26437	26437	26441	26444		---1147
26449	26451	26452	26453	26455	26462	26465	26465	26469	26472		---1148
26477	26479	26480	26481	26483	26490	26493	26493	26497	26500		---1149
26505	26507	26508	26509	26511	26518	26521	26521	26525	26528		---1150
26533	26535	26536	26537	26539	26546	26549	26549	26553	26556		---1151
26561	26563	26564	26565	26567	26574	26577	26577	26581	26584		---1152
26589	26591	26592	26593	26595	26602	26605	26605	26609	26612		---1153
26617	26619	26620	26621	26623	26630	26633	26633	26637	26640		---1154
26645	26647	26648	26649	26651	26658	26661	26661	26665	26668		---1155
26673	26675	26676	26677	26679	26686	26689	26689	26693	26696		---1156
26701	26703	26704	26705	26707	26714	26717	26717	26721	26724		---1157
26729	26731	26732	26733	26735	26742	26745	26745	26749	26752		---1158
26757	26759	26760	26761	26763	26770	26773	26773	26777	26780		---1159
26785	26787	26788	26789	26791	26798	26801	26801	26805	26808		---1160
26813	26815	26816	26817	26819	26826	26829	26829	26833	26836		---1161
26841	26843	26844	26845	26847	26854	26857	26857	26861	26864		---1162
26869	26871	26872	26873	26875	26882	26885	26885	26889	26892		---1163
26897	26899	26900	26901	26903	26910	26913	26913	26917	26920		---1164
26925	26927	26928	26929	26931	26938	26941	26941	26945	26948		---1165
26953	26955	26956	26957	26959	26966	26969	26969	26973	26976		---1166
26981	26983	26984	26985	26987	26994	26997	26997	27001	27004		---1167
27009	27011	27012	27013	27015	27022	27025	27025	27029	27032		---1168
27037	27039	27040	27041	27043	27050	27053	27053	27057	27060		---1169
27065	27067	27068	27069	27071	27078	27081	27081	27085	27088		---1170
27093	27095	27096	27097	27099	27106	27109	27109	27113	27116		---1171
27121	27123	27124	27125	27127	27134	27137	27137	27141	27144		---1172
27149	27151	27152	27153	27155	27162	27165	27165	27169	27172		---1173
27177	27179	27180	27181	27183	27190	27193	27193	27197	27200		---1174
27205	27207	27208	27209	27211	27218	27221	27221	27225	27228		---1175
27233	27235	27236	27237	27239	27246	27249	27249	27253	27256		---1176
27261	27263	27264	27265	27267	27274	27277	27277	27281	27284		---1177
27289	27291	27292	27293	27295	27302	27305	27305	27309	27312		---1178
27317	27319	27320	27321	27323	27330	27333	27333	27337	27340		---1179
27345	27347	27348	27349	27351	27358	27361	27361	27365	27368		---1180
27373	27375	27376	27377	27379	27386	27389	27389	27393	27396		---1181
27401	27403	27404	27405	27407	27414	27417	27417	27421	27424		---1182
27429	27431	27432	27433	27435	27442	27445	27445	27449	27452		---1183
27457	27459	27460	27461	27463	27470	27473	27473	27477	27480		---1184
27485	27487	27488	27489	27491	27498	27501	27501	27505	27508		---1185
27513	27515	27516	27517	27519	27526	27529	27529	27533	27536		---1186
27541	27543	27544	27545	27547	27554	27557	27557	27561	27564		---1187
27569	27571	27572	27573	27575	27582	27585	27585	27589	27592		---1188
27597	27599	27600	27601	27603	27610	27613	27613	27617	27620		---1189
27625	27627	27628	27629	27631	27638	27641	27641	27645	27648		---1190
27653	27655	27656	27657	27659	27666	27669	27669	27673	27676		---1191
27681	27683	27684	27685	27687	27694	27697	27697	27701	27704		---1192
27709	27711	27712	27713	27715	27722	27725	27725	27729	27732		---1193
27737	27739	27740	27741	27743	27750	27753	27753	27757	27760		---1194
27765	27767	27768	27769	27771	27778	27781	27781	27785	27788		---1195
27793	27795	27796	27797	27799	27806	27809	27809	27813	27816		---1196
27821	27823	27824	27825	27827	27834	27837	27837	27841	27844		---1197
27849	27851	27852	27853	27855	27862	27865	27865	27869	27872		---1198
27877	27879	27880	27881	27883	27890	27893	27893	27897	27900		---1199
27905	27907	27908	27909	27911	27918	27921	27921	27925	27928		---1200
27933	27935	27936	27937	27939	27946	27949	27949	27953	27956		---1201
27961	27963	27964	27965	27967	27974	27977	27977	27981	27984		---1202
27989	27991	27992	27993	27995	28002	28005	28005	28009	28012		---1203
28017	28019	28020	28021	28023	28030	28033	28033	28037	28040		---1204
28045	28047	28048	28049	28051	28058	28061	28061	28065	28068		---1205
28073	28075	28076	28077	28079	28086	28089	28089	28093	28096		---1206
28101	28103	28104	28105	28107	28114	28117	28117	28121	28124		---1207
28129	28131	28132	28133	28135	28142	28145	28145	28149	28152		---1208
28157	28159	28160	28161	28163	28170	28173	28173	28177	28180		---1209
28185	28187	28188	28189	28191	28198	28201	28201	28205	28208		---1210
28213	28215	28216	28217	28219	28226	28229	28229	28233	28236		---1211
28241	28243	28244	28245	28247	28254	28257	28257	28261	28264		---1212
28269	28271	28272	28273	28275	28282	28285	28285	28289	28292		---1213
28297	28299	28300	28301	28303	28310	28313	28313	28317	28320		---1214
28325	28327	28328	28329	28331	28338	28341	28341	28345	28348		---1215
28353	28355	28356	28357	28359	28366	28369	28369	28373	28376		---1216
28381	28383	28384	28385	28387	28394	28397	28397	28401	28404		---1217
28409	28411	28412	28413	28415	28422	28425	28425	28429	28432		---1218
28437	28439	28440	28441	28443	28450	28453	28453	28457	28460		---1219
28465	28467	28468	28469	28471	28478	28481	28481	28485	28488		---1220
28493	28495	28496	28497	28499	28506	28509	28509	28513	28516		---1221
28521	28523	28527	28534	28537	28537	28541	28549	28551	28565		---1222
28569	28593	