0	0	0	0	0	0	0	0	0	0		---1
0	0	0	0	0	0	0	0	0	0		---2
0	0	0	0	0	0	0	0	0	0		---3
0	0	0	0	0	0	0	0	0	0		---4
0	0	0	0	0	0	0	0	0	0		---5
0	0	0	0	0	0	0	0	0	0		---6
0	0	0	0	0	0	0	0	0	0		---7
0	0	0	0	0	0	0	0	0	0		---8
0	0	0	0	0	0	0	0	0	0		---9
0	0	0	0	0	0	0	0	0	0		---10
0	0	0	0	0	0	0	0	0	0		---11
0	0	0	0	0	0	0	0	0	0		---12
0	0	0	0	0	0	0	0	0	0		---13
0	0	0	0	0	0	0	0	0	0		---14
0	0	0	0	0	0	0	0	0	0		---15
0	0	0	0	0	0	0	0	0	0		---16
0	0	0	0	0	0	0	0	0	0		---17
0	0	0	0	0	0	0	0	0	0		---18
0	0	0	0	0	0	0	0	0	0		---19
0	0	0	0	0	0	0	0	0	0		---20
0	0	0	0	0	0	0	0	0	0		---21
0	0	0	0	0	0	0	0	0	0		---22
0	0	0	0	0	0	0	0	0	0		---23
0	0	0	0	0	0	0	0	0	0		---24
0	0	0	0	0	0	0	0	0	0		---25
0	0	0	0	0	0	0	0	0	0		---26
0	0	0	0	0	0	0	0	0	0		---27
0	0	0	0	0	0	0	0	0	0		---28
0	0	0	0	0	0	0	0	0	0		---29
0	0	0	0	0	0	0	0	0	0		---30
0	0	0	0	0	0	0	0	0	0		---31
0	0	0	0	0	0	0	0	0	0		---32
0	0	0	0	0	0	0	0	0	0		---33
0	0	0	0	0	0	0	0	0	0		---34
0	0	0	0	0	0	0	0	0	0		---35
0	0	0	0	0	0	0	0	0	0		---36
0	0	0	0	0	0	0	0	0	0		---37
0	0	0	0	0	0	0	0	0	0		---38
0	0	0	0	0	0	0	0	0	0		---39
0	0	0	0	0	0	0	0	0	0		---40
0	0	0	0	0	0	0	0	0	0		---41
0	0	0	0	0	0	0	0	0	0		---42
0	0	0	0	0	0	0	0	0	0		---43
0	0	0	0	0	0	0	0	0	0		---44
0	0	0	0	0	0	0	0	0	0		---45
0	0	0	0	0	0	0	0	0	0		---46
0	0	0	0	0	0	0	0	0	0		---47
0	0	0	0	0	0	0	0	0	0		---48
0	0	0	0	0	0	0	0	0	0		---49
0	0	0	0	0	0	0	0	0	0		---50
0	0	0	0	0	0	0	0	0	0		---51
0	0	0	0	0	0	0	0	0	0		---52
0	0	0	0	0	0	0	0	0	0		---53
0	0	0	0	0	0	0	0	0	0		---54
0	0	0	0	0	0	0	0	0	0		---55
0	0	0	0	0	0	0	0	0	0		---56
0	0	0	0	0	0	0	0	0	0		---57
0	0	0	0	0	0	0	0	0	0		---58
0	0	0	0	0	0	0	0	0	0		---59
0	0	0	0	0	0	0	0	0	0		---60
0	0	0	0	0	0	0	0	0	0		---61
0	0	0	0	0	0	0	0	0	0		---62
0	0	0	0	0	0	0	0	0	0		---63
0	0	0	0	0	0	0	0	0	0		---64
0	0	0	0	0	0	0	0	0	0		---65
0	0	0	0	0	0	0	0	0	0		---66
0	0	0	0	0	0	0	0	0	0		---67
0	0	0	0	0	0	0	0	0	0		---68
0	0	0	0	0	0	0	0	0	0		---69
0	0	0	0	0	0	0	0	0	0		---70
0	0	0	0	0	0	0	0	0	0		---71
0	0	0	0	0	0	0	0	0	0		---72
0	0	0	0	0	0	0	0	0	0		---73
0	0	0	0	0	0	0	0	0	0		---74
0	0	0	0	0	0	0	0	0	0		---75
0	0	0	0	0	0	0	0	0	0		---76
0	0	0	0	0	0	0	0	0	0		---77
0	0	0	0	0	0	0	0	0	0		---78
0	0	0	0	0	0	0	0	0	0		---79
0	0	0	0	0	0	0	0	0	0		---80
0	0	0	0	0	0	0	0	0	0		---81
0	0	0	0	0	0	0	0	0	0		---82
0	0	0	0	0	0	0	0	0	0		---83
0	0	0	0	0	0	0	0	0	0		---84
0	0	0	0	0	0	0	0	0	0		---85
0	0	0	0	0	0	0	0	0	0		---86
0	0	0	0	0	0	0	0	0	0		---87
0	0	0	0	0	0	0	0	0	0		---88
0	0	0	0	0	0	0	0	0	0		---89
0	0	0	0	0	0	0	0	0	0		---90
0	0	0	0	0	0	0	0	0	0		---91
0	0	0	0	0	0	0	0	0	0		---92
0	0	0	0	0	0	0	0	0	0		---93
0	0	0	0	0	0	0	0	0	0		---94
0	0	0	0	0	0	0	0	0	0		---95
0	0	0	0	0	0	0	0	0	0		---96
0	0	0	0	0	0	0	0	0	0		---97
0	0	0	0	0	0	0	0	0	0		---98
0	0	0	0	0	0	0	0	0	0		---99
0	0	0	0	0	0	0	0	0	0		---100
0	0	0	0	0	0	0	0	0	0		---101
0	0	0	0	0	0	0	0	0	0		---102
0	0	0	0	0	0	0	0	0	0		---103
0	0	0	0	0	0	0	0	0	0		---104
0	0	0	0	0	0	0	0	0	0		---105
0	0	0	0	0	0	0	0	0	0		---106
0	0	0	0	0	0	0	0	0	0		---107
0	0	0	0	0	0	0	0	0	0		---108
0	0	0	0	0	0	0	0	0	0		---109
0	0	0	0	0	0	0	0	0	0		---110
0	0	0	0	0	0	0	0	0	0		---111
0	0	0	0	0	0	0	0	0	0		---112
0	0	0	0	0	0	0	0	0	0		---113
0	0	0	0	0	0	0	0	0	0		---114
0	0	0	0	0	0	0	0	0	0		---115
0	0	0	0	0	0	0	0	0	0		---116
0	0	0	0	0	0	0	0	0	0		---117
0	0	0	0	0	0	0	0	0	0		---118
0	0	0	0	0	0	0	1	2	3		---119
4	5	6	7	8	9	10	11	12	12		---120
13	14	15	16	17	18	19	20	20	21		---121
21	22	23	23	24	25	26	27	28	29		---122
30	30	31	32	33	33	34	35	36	37		---123
38	39	40	40	41	42	43	44	45	45		---124
46	47	48	48	49	49	50	51	51	52		---125
53	54	55	56	57	58	58	59	60	61		---126
61	62	63	64	65	66	67	68	68	69		---127
70	71	72	73	73	74	75	75	76	76		---128
77	77	78	79	79	80	81	82	83	84		---129
85	86	86	87	88	89	89	89	90	91		---130
92	93	93	94	95	96	96	97	98	99		---131
100	101	101	102	103	103	104	104	105	105		---132
106	107	107	108	109	110	111	112	113	114		---133
114	115	116	117	117	117	118	119	120	121		---134
121	122	123	124	124	125	126	127	128	129		---135
129	130	131	131	132	132	133	133	134	135		---136
135	136	137	138	139	140	141	142	142	143		---137
144	145	145	145	146	147	148	149	149	150		---138
151	152	152	153	154	155	156	157	157	158		---139
159	159	160	160	161	161	162	163	163	164		---140
165	166	167	168	169	170	170	171	172	173		---141
173	173	174	175	176	177	177	178	179	180		---142
180	181	182	183	184	185	185	186	187	187		---143
188	188	189	189	190	191	191	192	193	194		---144
195	196	197	198	198	199	200	201	201	201		---145
202	203	204	205	205	206	207	208	208	209		---146
210	211	212	213	213	214	215	215	216	216		---147
217	217	218	219	219	220	221	222	223	224		---148
225	226	226	227	228	229	229	229	230	231		---149
232	233	233	234	235	236	236	237	238	239		---150
240	241	241	242	243	243	244	244	245	245		---151
246	247	247	248	249	250	251	252	253	254		---152
254	255	256	257	257	257	258	259	260	261		---153
261	262	263	264	264	265	266	267	268	269		---154
269	270	271	271	272	272	273	273	274	275		---155
275	276	277	278	279	280	281	282	282	283		---156
284	285	285	285	286	287	288	289	289	290		---157
291	292	292	293	294	295	296	297	297	298		---158
299	299	300	300	301	301	302	303	303	304		---159
305	306	307	308	309	310	310	311	312	313		---160
313	313	314	315	316	317	317	318	319	320		---161
320	321	322	323	324	325	325	326	327	327		---162
328	328	329	329	330	331	331	332	333	334		---163
335	336	337	338	338	339	340	341	341	341		---164
342	343	344	345	345	346	347	348	348	349		---165
350	351	352	353	353	354	355	355	356	356		---166
357	357	358	359	359	360	361	362	363	364		---167
365	366	366	367	368	369	369	369	370	371		---168
372	373	373	374	375	376	376	377	378	379		---169
380	381	381	382	383	383	384	384	385	385		---170
386	387	387	388	389	390	391	392	393	394		---171
394	395	396	397	397	397	398	399	400	401		---172
401	402	403	404	404	405	406	407	408	409		---173
409	410	411	411	412	412	413	413	414	415		---174
415	416	417	418	419	420	421	422	422	423		---175
424	425	425	425	426	427	428	429	429	430		---176
431	432	432	433	434	435	436	437	437	438		---177
439	439	440	440	441	441	442	443	443	444		---178
445	446	447	448	449	450	450	451	452	453		---179
453	453	454	455	456	457	457	458	459	460		---180
460	461	462	463	464	465	465	466	467	467		---181
468	468	469	469	470	471	471	472	473	474		---182
475	476	477	478	478	479	480	481	481	481		---183
482	483	484	485	485	486	487	488	488	489		---184
490	491	492	493	493	494	495	495	496	496		---185
497	497	498	499	499	500	501	502	503	504		---186
505	506	506	507	508	509	509	509	510	511		---187
512	513	513	514	515	516	516	517	518	519		---188
520	521	521	522	523	523	524	524	525	525		---189
526	527	527	528	529	530	531	532	533	534		---190
534	535	536	537	537	537	538	539	540	541		---191
541	542	543	544	544	545	546	547	548	549		---192
549	550	551	551	552	552	553	553	554	555		---193
555	556	557	558	559	560	561	562	562	563		---194
564	565	565	565	566	567	568	569	569	570		---195
571	572	572	573	574	575	576	577	577	578		---196
579	579	580	580	581	581	582	583	583	584		---197
585	586	587	588	589	590	590	591	592	593		---198
593	593	594	595	596	597	597	598	599	600		---199
600	601	602	603	604	605	605	606	607	607		---200
608	608	609	609	610	611	611	612	613	614		---201
615	616	617	618	618	619	620	621	621	621		---202
622	623	624	625	625	625	625	626	627	628		---203
628	629	629	630	631	632	632	633	633	634		---204
635	635	636	636	637	637	637	638	639	639		---205
639	640	640	641	641	642	643	643	644	645		---206
646	646	647	648	649	649	649	650	650	651		---207
652	653	653	653	653	654	655	656	656	657		---208
657	658	659	660	660	661	661	662	663	663		---209
664	664	665	665	665	666	667	667	667	668		---210
668	669	669	670	671	671	672	673	674	674		---211
675	676	677	677	677	678	678	679	680	681		---212
681	681	681	682	683	684	684	685	685	686		---213
687	688	688	689	689	690	691	691	692	692		---214
693	693	693	694	695	695	695	696	696	697		---215
697	698	699	699	700	701	702	702	703	704		---216
705	705	705	706	706	707	708	709	709	709		---217
709	710	711	712	712	713	713	714	715	716		---218
716	717	717	718	719	719	720	720	721	721		---219
721	722	723	723	723	724	724	725	725	726		---220
727	727	728	729	730	730	731	732	733	733		---221
733	734	734	735	736	737	737	737	737	738		---222
739	740	740	741	741	742	743	744	744	745		---223
745	746	747	747	748	748	749	749	749	750		---224
751	751	751	752	752	753	753	754	755	755		---225
756	757	758	758	759	760	761	761	761	762		---226
762	763	764	765	765	765	765	766	767	768		---227
768	769	769	770	771	772	772	773	773	774		---228
775	775	776	776	777	777	777	778	779	779		---229
779	780	780	781	781	782	783	783	784	785		---230
786	786	787	788	789	789	789	790	790	791		---231
792	793	793	793	793	794	795	796	796	797		---232
797	798	799	800	800	801	801	802	803	803		---233
804	804	805	805	805	806	807	807	807	808		---234
808	809	809	810	811	811	812	813	814	814		---235
815	816	817	817	817	818	818	819	820	821		---236
821	821	821	822	823	824	824	825	825	826		---237
827	828	828	829	829	830	831	831	832	832		---238
833	833	833	834	835	835	835	836	836	837		---239
837	838	839	839	840	841	842	842	843	844		---240
845	845	845	846	846	847	848	849	849	849		---241
849	850	851	852	852	853	853	854	855	856		---242
856	857	857	858	859	859	860	860	861	861		---243
861	862	863	863	863	864	864	865	865	866		---244
867	867	868	869	870	870	871	872	873	873		---245
873	874	874	875	876	877	877	877	877	878		---246
879	880	880	881	881	882	883	884	884	885		---247
885	886	887	887	888	888	889	889	889	890		---248
891	891	891	892	892	893	893	894	895	895		---249
896	897	898	898	899	900	901	901	901	902		---250
902	903	904	905	905	905	905	906	907	908		---251
908	909	909	910	911	912	912	913	913	914		---252
915	915	916	916	917	917	917	918	919	919		---253
919	920	920	921	921	922	923	923	924	925		---254
926	926	927	928	929	929	929	930	930	931		---255
932	933	933	933	933	934	935	936	936	937		---256
937	938	939	940	940	941	941	942	943	943		---257
944	944	945	945	945	946	947	947	947	948		---258
948	949	949	950	951	951	952	953	954	954		---259
955	956	957	957	957	958	958	959	960	961		---260
961	961	961	962	963	964	964	965	965	966		---261
967	968	968	969	969	970	971	971	972	972		---262
973	973	973	974	975	975	975	976	976	977		---263
977	978	979	979	980	981	982	982	983	984		---264
985	985	985	986	986	987	988	989	989	989		---265
989	990	991	992	992	993	993	994	995	996		---266
996	997	997	998	999	999	1000	1000	1001	1001		---267
1001	1002	1003	1003	1003	1004	1004	1005	1005	1006		---268
1007	1007	1008	1009	1010	1010	1011	1012	1013	1013		---269
1013	1014	1014	1015	1016	1017	1017	1017	1017	1018		---270
1019	1020	1020	1021	1021	1022	1023	1024	1024	1025		---271
1025	1026	1027	1027	1028	1028	1029	1029	1029	1030		---272
1031	1031	1031	1032	1032	1033	1033	1034	1035	1035		---273
1036	1037	1038	1038	1039	1040	1041	1041	1041	1042		---274
1042	1043	1044	1045	1045	1045	1045	1046	1047	1048		---275
1048	1049	1049	1050	1051	1052	1052	1053	1053	1054		---276
1055	1055	1056	1056	1057	1057	1057	1058	1059	1059		---277
1059	1060	1060	1061	1061	1062	1063	1063	1064	1065		---278
1066	1066	1067	1068	1069	1069	1069	1070	1070	1071		---279
1072	1073	1073	1073	1073	1074	1075	1076	1076	1077		---280
1077	1078	1079	1080	1080	1081	1081	1082	1083	1083		---281
1084	1084	1085	1085	1085	1086	1087	1087	1087	1088		---282
1088	1089	1089	1090	1091	1091	1092	1093	1094	1094		---283
1095	1096	1097	1097	1097	1098	1098	1099	1100	1101		---284
1101	1101	1101	1102	1103	1104	1104	1105	1105	1106		---285
1107	1108	1108	1109	1109	1110	1111	1111	1112	1112		---286
1113	1113	1113	1114	1115	1115	1115	1116	1116	1117		---287
1117	1118	1119	1119	1120	1121	1122	1122	1123	1124		---288
1125	1125	1125	1126	1126	1127	1128	1129	1129	1129		---289
1129	1130	1131	1132	1132	1133	1133	1134	1135	1136		---290
1136	1137	1137	1138	1139	1139	1140	1140	1141	1141		---291
1141	1142	1143	1143	1143	1144	1144	1145	1145	1146		---292
1147	1147	1148	1149	1150	1150	1151	1152	1153	1153		---293
1153	1154	1154	1155	1156	1157	1157	1157	1157	1158		---294
1159	1160	1160	1161	1161	1162	1163	1164	1164	1165		---295
1165	1166	1167	1167	1168	1168	1169	1169	1169	1170		---296
1171	1171	1171	1172	1172	1173	1173	1174	1175	1175		---297
1176	1177	1178	1178	1179	1180	1181	1181	1181	1182		---298
1182	1183	1184	1185	1185	1185	1185	1186	1187	1188		---299
1189	1192	1193	1195	1196	1197	1197	1199	1199	1200		---300
1201	1203	1206	1209	1209	1210	1213	1213	1213	1216		---301
1217	1220	1221	1223	1224	1225	1225	1227	1227	1231		---302
1234	1237	1237	1238	1241	1241	1241	1244	1245	1249		---303
1251	1252	1253	1253	1255	1255	1262	1265	1265	1269		---304
1269	1272	1273	1277	1279	1280	1281	1283	1290	1293		---305
1293	1297	1297	1300	1305	1307	1308	1309	1311	1318		---306
1321	1321	1325	1328	1333	1335	1336	1337	1339	1346		---307
1349	1349	1353	1356	1361	1363	1364	1365	1367	1374		---308
1377	1377	1381	1384	1389	1391	1392	1393	1395	1402		---309
1405	1405	1409	1412	1417	1419	1420	1421	1423	1430		---310
1433	1433	1437	1440	1445	1447	1448	1449	1451	1458		---311
1461	1461	1465	1468	1473	1475	1476	1477	1479	1486		---312
1489	1489	1493	1496	1501	1503	1504	1505	1507	1514		---313
1517	1517	1521	1524	1529	1531	1532	1533	1535	1542		---314
1545	1545	1549	1552	1557	1559	1560	1561	1563	1570		---315
1573	1573	1577	1580	1585	1587	1588	1589	1591	1598		---316
1601	1601	1605	1608	1613	1615	1616	1617	1619	1626		---317
1629	1629	1633	1636	1641	1643	1644	1645	1647	1654		---318
1657	1657	1661	1664	1669	1671	1672	1673	1675	1682		---319
1685	1685	1689	1692	1697	1699	1700	1701	1703	1710		---320
1713	1713	1717	1720	1725	1727	1728	1729	1731	1738		---321
1741	1741	1745	1748	1753	1755	1756	1757	1759	1766		---322
1769	1769	1773	1776	1781	1783	1784	1785	1787	1794		---323
1797	1797	1801	1804	1809	1811	1812	1813	1815	1822		---324
1825	1825	1829	1832	1837	1839	1840	1841	1843	1850		---325
1853	1853	1857	1860	1865	1867	1868	1869	1871	1878		---326
1881	1881	1885	1888	1893	1895	1896	1897	1899	1906		---327
1909	1909	1913	1916	1921	1923	1924	1925	1927	1934		---328
1937	1937	1941	1944	1949	1951	1952	1953	1955	1962		---329
1965	1965	1969	1972	1977	1979	1980	1981	1983	1990		---330
1993	1993	1997	2000	2005	2007	2008	2009	2011	2018		---331
2021	2021	2025	2028	2033	2035	2036	2037	2039	2046		---332
2049	2049	2053	2056	2061	2063	2064	2065	2067	2074		---333
2077	2077	2081	2084	2089	2091	2092	2093	2095	2102		---334
2105	2105	2109	2112	2117	2119	2120	2121	2123	2130		---335
2133	2133	2137	2140	2145	2147	2148	2149	2151	2158		---336
2161	2161	2165	2168	2173	2175	2176	2177	2179	2186		---337
2189	2189	2193	2196	2201	2203	2204	2205	2207	2214		---338
2217	2217	2221	2224	2229	2231	2232	2233	2235	2242		---339
2245	2245	2249	2252	2257	2259	2260	2261	2263	2270		---340
2273	2273	2277	2280	2285	2287	2288	2289	2291	2298		---341
2301	2301	2305	2308	2313	2315	2316	2317	2319	2326		---342
2329	2329	2333	2336	2341	2343	2344	2345	2347	2354		---343
2357	2357	2361	2364	2369	2371	2372	2373	2375	2382		---344
2385	2385	2389	2392	2397	2399	2400	2401	2403	2410		---345
2413	2413	2417	2420	2425	2427	2428	2429	2431	2438		---346
2441	2441	2445	2448	2453	2455	2456	2457	2459	2466		---347
2469	2469	2473	2476	2481	2483	2484	2485	2487	2494		---348
2497	2497	2501	2504	2509	2511	2512	2513	2515	2522		---349
2525	2525	2529	2532	2537	2539	2540	2541	2543	2550		---350
2553	2553	2557	2560	2565	2567	2568	2569	2571	2578		---351
2581	2581	2585	2588	2593	2595	2596	2597	2599	2606		---352
2609	2609	2613	2616	2621	2623	2624	2625	2627	2634		---353
2637	2637	2641	2644	2649	2651	2652	2653	2655	2662		---354
2665	2665	2669	2672	2677	2679	2680	2681	2683	2690		---355
2693	2693	2697	2700	2705	2707	2708	2709	2711	2718		---356
2721	2721	2725	2728	2733	2735	2736	2737	2739	2746		---357
2749	2749	2753	2756	2761	2763	2764	2765	2767	2774		---358
2777	2777	2781	2784	2789	2791	2792	2793	2795	2802		---359
2805	2805	2809	2812	2817	2819	2820	2821	2823	2830		---360
2833	2833	2837	2840	2845	2847	2848	2849	2851	2858		---361
2861	2861	2865	2868	2873	2875	2876	2877	2879	2886		---362
2889	2889	2893	2896	2901	2903	2904	2905	2907	2914		---363
2917	2917	2921	2924	2929	2931	2932	2933	2935	2942		---364
2945	2945	2949	2952	2957	2959	2960	2961	2963	2970		---365
2973	2973	2977	2980	2985	2987	2988	2989	2991	2998		---366
3001	3001	3005	3008	3013	3015	3016	3017	3019	3026		---367
3029	3029	3033	3036	3041	3043	3044	3045	3047	3054		---368
3057	3057	3061	3064	3069	3071	3072	3073	3075	3082		---369
3085	3085	3089	3092	3097	3099	3100	3101	3103	3110		---370
3113	3113	3117	3120	3125	3127	3128	3129	3131	3138		---371
3141	3141	3145	3148	3153	3155	3156	3157	3159	3166		---372
3169	3169	3173	3176	3181	3183	3184	3185	3187	3194		---373
3197	3197	3201	3204	3209	3211	3212	3213	3215	3222		---374
3225	3225	3229	3232	3237	3239	3240	3241	3243	3250		---375
3253	3253	3257	3260	3265	3267	3268	3269	3271	3278		---376
3281	3281	3285	3288	3293	3295	3296	3297	3299	3306		---377
3309	3309	3313	3316	3321	3323	3324	3325	3327	3334		---378
3337	3337	3341	3344	3349	3351	3352	3353	3355	3362		---379
3365	3365	3369	3372	3377	3379	3380	3381	3383	3390		---380
3393	3393	3397	3400	3405	3407	3408	3409	3411	3418		---381
3421	3421	3425	3428	3433	3435	3436	3437	3439	3446		---382
3449	3449	3453	3456	3461	3463	3464	3465	3467	3474		---383
3477	3477	3481	3484	3489	3491	3492	3493	3495	3502		---384
3505	3505	3509	3512	3517	3519	3520	3521	3523	3530		---385
3533	3533	3537	3540	3545	3547	3548	3549	3551	3558		---386
3561	3561	3565	3568	3573	3575	3576	3577	3579	3586		---387
3589	3589	3593	3596	3601	3603	3604	3605	3607	3614		---388
3617	3617	3621	3624	3629	3631	3632	3633	3635	3642		---389
3645	3645	3649	3652	3657	3659	3660	3661	3663	3670		---390
3673	3673	3677	3680	3685	3687	3688	3689	3691	3698		---391
3701	3701	3705	3708	3713	3715	3716	3717	3719	3726		---392
3729	3729	3733	3736	3741	3743	3744	3745	3747	3754		---393
3757	3757	3761	3764	3769	3771	3772	3773	3775	3782		---394
3785	3785	3789	3792	3797	3799	3800	3801	3803	3810		---395
3813	3813	3817	3820	3825	3827	3828	3829	3831	3838		---396
3841	3841	3845	3848	3853	3855	3856	3857	3859	3866		---397
3869	3869	3873	3876	3881	3883	3884	3885	3887	3894		---398
3897	3897	3901	3904	3909	3911	3912	3913	3915	3922		---399
3925	3925	3929	3932	3937	3939	3940	3941	3943	3950		---400
3953	3953	3957	3960	3965	3967	3968	3969	3971	3978		---401
3981	3981	3985	3988	3993	3995	3996	3997	3999	4006		---402
4009	4009	4013	4016	4021	4023	4024	4025	4027	4034		---403
4037	4037	4041	4044	4049	4051	4052	4053	4055	4062		---404
4065	4065	4069	4072	4077	4079	4080	4081	4083	4090		---405
4093	4093	4097	4100	4105	4107	4108	4109	4111	4118		---406
4121	4121	4125	4128	4133	4135	4136	4137	4139	4146		---407
4149	4149	4153	4156	4161	4163	4164	4165	4167	4174		---408
4177	4177	4181	4184	4189	4191	4192	4193	4195	4202		---409
4205	4205	4209	4212	4217	4219	4220	4221	4223	4230		---410
4233	4233	4237	4240	4245	4247	4248	4249	4251	4258		---411
4261	4261	4265	4268	4273	4275	4276	4277	4279	4286		---412
4289	4289	4293	4296	4301	4303	4304	4305	4307	4314		---413
4317	4317	4321	4324	4329	4331	4332	4333	4335	4342		---414
4345	4345	4349	4352	4357	4359	4360	4361	4363	4370		---415
4373	4373	4377	4380	4385	4387	4388	4389	4391	4398		---416
4401	4401	4405	4408	4413	4415	4416	4417	4419	4426		---417
4429	4429	4433	4436	4441	4443	4444	4445	4447	4454		---418
4457	4457	4461	4464	4469	4471	4472	4473	4475	4482		---419
4485	4485	4489	4492	4497	4499	4500	4501	4503	4510		---420
4513	4513	4517	4520	4525	4527	4528	4529	4531	4538		---421
4541	4541	4545	4548	4553	4555	4556	4557	4559	4566		---422
4569	4569	4573	4576	4581	4583	4584	4585	4587	4594		---423
4597	4597	4601	4604	4609	4611	4612	4613	4615	4622		---424
4625	4625	4629	4632	4637	4639	4640	4641	4643	4650		---425
4653	4653	4657	4660	4665	4667	4668	4669	4671	4678		---426
4681	4681	4685	4688	4693	4695	4696	4697	4699	4706		---427
4709	4709	4713	4716	4721	4723	4724	4725	4727	4734		---428
4737	4737	4741	4744	4749	4751	4752	4753	4755	4762		---429
4765	4765	4769	4772	4777	4779	4780	4781	4783	4790		---430
4793	4793	4797	4800	4805	4807	4808	4809	4811	4818		---431
4821	4821	4825	4828	4833	4835	4836	4837	4839	4846		---432
4849	4849	4853	4856	4861	4863	4864	4865	4867	4874		---433
4877	4877	4881	4884	4889	4891	4892	4893	4895	4902		---434
4905	4905	4909	4912	4917	4919	4920	4921	4923	4930		---435
4933	4933	4937	4940	4945	4947	4948	4949	4951	4958		---436
4961	4961	4965	4968	4973	4975	4976	4977	4979	4986		---437
4989	4989	4993	4996	5001	5003	5004	5005	5007	5014		---438
5017	5017	5021	5024	5029	5031	5032	5033	5035	5042		---439
5045	5045	5049	5052	5057	5059	5060	5061	5063	5070		---440
5073	5073	5077	5080	5085	5087	5088	5089	5091	5098		---441
5101	5101	5105	5108	5113	5115	5116	5117	5119	5126		---442
5129	5129	5133	5136	5141	5143	5144	5145	5147	5154		---443
5157	5157	5161	5164	5169	5171	5172	5173	5175	5182		---444
5185	5185	5189	5192	5197	5199	5200	5201	5203	5210		---445
5213	5213	5217	5220	5225	5227	5228	5229	5231	5238		---446
5241	5241	5245	5248	5253	5255	5256	5257	5259	5266		---447
5269	5269	5273	5276	5281	5283	5284	5285	5287	5294		---448
5297	5297	5301	5304	5309	5311	5312	5313	5315	5322		---449
5325	5325	5329	5332	5337	5339	5340	5341	5343	5350		---450
5353	5353	5357	5360	5365	5367	5368	5369	5371	5378		---451
5381	5381	5385	5388	5393	5395	5396	5397	5399	5406		---452
5409	5409	5413	5416	5421	5423	5424	5425	5427	5434		---453
5437	5437	5441	5444	5449	5451	5452	5453	5455	5462		---454
5465	5465	5469	5472	5477	5479	5480	5481	5483	5490		---455
5493	5493	5497	5500	5505	5507	5508	5509	5511	5518		---456
5521	5521	5525	5528	5533	5535	5536	5537	5539	5546		---457
5549	5549	5553	5556	5561	5563	5564	5565	5567	5574		---458
5577	5577	5581	5584	5589	5591	5592	5593	5595	5602		---459
5605	5605	5609	5612	5617	5619	5620	5621	5623	5630		---460
5633	5633	5637	5640	5645	5647	5648	5649	5651	5658		---461
5661	5661	5665	5668	5673	5675	5676	5677	5679	5686		---462
5689	5689	5693	5696	5701	5703	5704	5705	5707	5714		---463
5717	5717	5721	5724	5729	5731	5732	5733	5735	5742		---464
5745	5745	5749	5752	5757	5759	5760	5761	5763	5770		---465
5773	5773	5777	5780	5785	5787	5788	5789	5791	5798		---466
5801	5801	5805	5808	5813	5815	5816	5817	5819	5826		---467
5829	5829	5833	5836	5841	5843	5844	5845	5847	5854		---468
5857	5857	5861	5864	5869	5871	5872	5873	5875	5882		---469
5885	5885	5889	5892	5897	5899	5900	5901	5903	5910		---470
5913	5913	5917	5920	5925	5927	5928	5929	5931	5938		---471
5941	5941	5945	5948	5953	5955	5956	5957	5959	5966		---472
5969	5969	5973	5976	5981	5983	5984	5985	5987	5994		---473
5997	5997	6001	6004	6009	6011	6012	6013	6015	6022		---474
6025	6025	6029	6032	6037	6039	6040	6041	6043	6050		---475
6053	6053	6057	6060	6065	6067	6068	6069	6071	6078		---476
6081	6081	6085	6088	6093	6095	6096	6097	6099	6106		---477
6109	6109	6113	6116	6121	6123	6124	6125	6127	6134		---478
6137	6137	6141	6144	6149	6151	6152	6153	6155	6162		---479
6165	6165	6169	6172	6177	6179	6180	6181	6183	6190		---480
6193	6193	6197	6200	6205	6207	6208	6209	6211	6218		---481
6221	6221	6225	6228	6233	6235	6236	6237	6239	6246		---482
6249	6249	6253	6256	6261	6263	6264	6265	6267	6274		---483
6277	6277	6281	6284	6289	6291	6292	6293	6295	6302		---484
6305	6305	6309	6312	6317	6319	6320	6321	6323	6330		---485
6333	6333	6337	6340	6345	6347	6348	6349	6351	6358		---486
6361	6361	6365	6368	6373	6375	6376	6377	6379	6386		---487
6389	6389	6393	6396	6401	6403	6404	6405	6407	6414		---488
6417	6417	6421	6424	6429	6431	6432	6433	6435	6442		---489
6445	6445	6449	6452	6457	6459	6460	6461	6463	6470		---490
6473	6473	6477	6480	6485	6487	6488	6489	6491	6498		---491
6501	6501	6505	6508	6513	6515	6516	6517	6519	6526		---492
6529	6529	6533	6536	6541	6543	6544	6545	6547	6554		---493
6557	6557	6561	6564	6569	6571	6572	6573	6575	6582		---494
6585	6585	6589	6592	6597	6599	6600	6601	6603	6610		---495
6613	6613	6617	6620	6625	6627	6628	6629	6631	6638		---496
6641	6641	6645	6648	6653	6655	6656	6657	6659	6666		---497
6669	6669	6673	6676	6681	6683	6684	6685	6687	6694		---498
6697	6697	6701	6704	6709	6711	6712	6713	6715	6722		---499
6725	6725	6729	6732	6737	6739	6740	6741	6743	6750		---500
6753	6753	6757	6760	6765	6767	6768	6769	6771	6778		---501
6781	6781	6785	6788	6793	6795	6796	6797	6799	6806		---502
6809	6809	6813	6816	6821	6823	6824	6825	6827	6834		---503
6837	6837	6841	6844	6849	6851	6852	6853	6855	6862		---504
6865	6865	6869	6872	6877	6879	6880	6881	6883	6890		---505
6893	6893	6897	6900	6905	6907	6908	6909	6911	6918		---506
6921	6921	6925	6928	6933	6935	6936	6937	6939	6946		---507
6949	6949	6953	6956	6961	6963	6964	6965	6967	6974		---508
6977	6977	6981	6984	6989	6991	6992	6993	6995	7002		---509
7005	7005	7009	7012	7017	7019	7020	7021	7023	7030		---510
7033	7033	7037	7040	7045	7047	7048	7049	7051	7058		---511
7061	7061	7065	7068	7073	7075	7076	7077	7079	7086		---512
7089	7089	7093	7096	7101	7103	7104	7105	7107	7114		---513
7117	7117	7121	7124	7129	7131	7132	7133	7135	7142		---514
7145	7145	7149	7152	7157	7159	7160	7161	7163	7170		---515
7173	7173	7177	7180	7185	7187	7188	7189	7191	7198		---516
7201	7201	7205	7208	7213	7215	7216	7217	7219	7226		---517
7229	7229	7233	7236	7241	7243	7244	7245	7247	7254		---518
7257	7257	7261	7264	7269	7271	7272	7273	7275	7282		---519
7285	7285	7289	7292	7297	7299	7300	7301	7303	7310		---520
7313	7313	7317	7320	7325	7327	7328	7329	7331	7338		---521
7341	7341	7345	7348	7353	7355	7356	7357	7359	7366		---522
7369	7369	7373	7376	7381	7383	7384	7385	7387	7394		---523
7397	7397	7401	7404	7409	7411	7412	7413	7415	7422		---524
7425	7425	7429	7432	7437	7439	7440	7441	7443	7450		---525
7453	7453	7457	7460	7465	7467	7468	7469	7471	7478		---526
7481	7481	7485	7488	7493	7495	7496	7497	7499	7506		---527
7509	7509	7513	7516	7521	7523	7524	7525	7527	7534		---528
7537	7537	7541	7544	7549	7551	7552	7553	7555	7562		---529
7565	7565	7569	7572	7577	7579	7580	7581	7583	7590		---530
7593	7593	7597	7600	7605	7607	7608	7609	7611	7618		---531
7621	7621	7625	7628	7633	7635	7636	7637	7639	7646		---532
7649	7649	7653	7656	7661	7663	7664	7665	7667	7674		---533
7677	7677	7681	7684	7689	7691	7692	7693	7695	7702		---534
7705	7705	7709	7712	7717	7719	7720	7721	7723	7730		---535
7733	7733	7737	7740	7745	7747	7748	7749	7751	7758		---536
7761	7761	7765	7768	7773	7775	7776	7777	7779	7786		---537
7789	7789	7793	7796	7801	7803	7804	7805	7807	7814		---538
7817	7817	7821	7824	7829	7831	7832	7833	7835	7842		---539
7845	7845	7849	7852	7857	7859	7860	7861	7863	7870		---540
7873	7873	7877	7880	7885	7887	7888	7889	7891	7898		---541
7901	7901	7905	7908	7913	7915	7916	7917	7919	7926		---542
7929	7929	7933	7936	7941	7943	7944	7945	7947	7954		---543
7957	7957	7961	7964	7969	7971	7972	7973	7975	7982		---544
7985	7985	7989	7992	7997	7999	8000	8001	8003	8010		---545
8013	8013	8017	8020	8025	8027	8028	8029	8031	8038		---546
8041	8041	8045	8048	8053	8055	8056	8057	8059	8066		---547
8069	8069	8073	8076	8081	8083	8084	8085	8087	8094		---548
8097	8097	8101	8104	8109	8111	8112	8113	8115	8122		---549
8125	8125	8129	8132	8137	8139	8140	8141	8143	8150		---550
8153	8153	8157	8160	8165	8167	8168	8169	8171	8178		---551
8181	8181	8185	8188	8193	8195	8196	8197	8199	8206		---552
8209	8209	8213	8216	8221	8223	8224	8225	8227	8234		---553
8237	8237	8241	8244	8249	8251	8252	8253	8255	8262		---554
8265	8265	8269	8272	8277	8279	8280	8281	8283	8290		---555
8293	8293	8297	8300	8305	8307	8308	8309	8311	8318		---556
8321	8321	8325	8328	8333	8335	8336	8337	8339	8346		---557
8349	8349	8353	8356	8361	8363	8364	8365	8367	8374		---558
8377	8377	8381	8384	8389	8391	8392	8393	8395	8402		---559
8405	8405	8409	8412	8417	8419	8420	8421	8423	8430		---560
8433	8433	8437	8440	8445	8447	8448	8449	8451	8458		---561
8461	8461	8465	8468	8473	8475	8476	8477	8479	8486		---562
8489	8489	8493	8496	8501	8503	8504	8505	8507	8514		---563
8517	8517	8521	8524	8529	8531	8532	8533	8535	8542		---564
8545	8545	8549	8552	8557	8559	8560	8561	8563	8570		---565
8573	8573	8577	8580	8585	8587	8588	8589	8591	8598		---566
8601	8601	8605	8608	8613	8615	8616	8617	8619	8626		---567
8629	8629	8633	8636	8641	8643	8644	8645	8647	8654		---568
8657	8657	8661	8664	8669	8671	8672	8673	8675	8682		---569
8685	8685	8689	8692	8697	8699	8700	8701	8703	8710		---570
8713	8713	8717	8720	8725	8727	8728	8729	8731	8738		---571
8741	8741	8745	8748	8753	8755	8756	8757	8759	8766		---572
8769	8769	8773	8776	8781	8783	8784	8785	8787	8794		---573
8797	8797	8801	8804	8809	8811	8812	8813	8815	8822		---574
8825	8825	8829	8832	8837	8839	8840	8841	8843	8850		---575
8853	8853	8857	8860	8865	8867	8868	8869	8871	8878		---576
8881	8881	8885	8888	8893	8895	8896	8897	8899	8906		---577
8909	8909	8913	8916	8921	8923	8924	8925	8927	8934		---578
8937	8937	8941	8944	8949	8951	8952	8953	8955	8962		---579
8965	8965	8969	8972	8977	8979	8980	8981	8983	8990		---580
8993	8993	8997	9000	9005	9007	9008	9009	9011	9018		---581
9021	9021	9025	9028	9033	9035	9036	9037	9039	9046		---582
9049	9049	9053	9056	9061	9063	9064	9065	9067	9074		---583
9077	9077	9081	9084	9089	9091	9092	9093	9095	9102		---584
9105	9105	9109	9112	9117	9119	9120	9121	9123	9130		---585
9133	9133	9137	9140	9145	9147	9148	9149	9151	9158		---586
9161	9161	9165	9168	9173	9175	9176	9177	9179	9186		---587
9189	9189	9193	9196	9201	9203	9204	9205	9207	9214		---588
9217	9217	9221	9224	9229	9231	9232	9233	9235	9242		---589
9245	9245	9249	9252	9257	9259	9260	9261	9263	9270		---590
9273	9273	9277	9280	9285	9287	9288	9289	9291	9298		---591
9301	9301	9305	9308	9313	9315	9316	9317	9319	9326		---592
9329	9329	9333	9336	9341	9343	9344	9345	9347	9354		---593
9357	9357	9361	9364	9369	9371	9372	9373	9375	9382		---594
9385	9385	9389	9392	9397	9399	9400	9401	9403	9410		---595
9413	9413	9417	9420	9425	9427	9428	9429	9431	9438		---596
9441	9441	9445	9448	9453	9455	9456	9457	9459	9466		---597
9469	9469	9473	9476	9481	9483	9484	9485	9487	9494		---598
9497	9497	9501	9504	9509	9511	9512	9513	9515	9522		---599
9525	9525	9529	9532	9537	9539	9540	9541	9543	9550		---600
9553	9553	9557	9560	9565	9567	9568	9569	9571	9578		---601
9581	9581	9585	9588	9593	9595	9596	9597	9599	9606		---602
9609	9609	9613	9616	9621	9623	9624	9625	9627	9634		---603
9637	9637	9641	9644	9649	9651	9652	9653	9655	9662		---604
9665	9665	9669	9672	9677	9679	9680	9681	9683	9690		---605
9693	9693	9697	9700	9705	9707	9708	9709	9711	9718		---606
9721	9721	9725	9728	9733	9735	9736	9737	9739	9746		---607
9749	9749	9753	9756	9761	9763	9764	9765	9767	9774		---608
9777	9777	9781	9784	9789	9791	9792	9793	9795	9802		---609
9805	9805	9809	9812	9817	9819	9820	9821	9823	9830		---610
9833	9833	9837	9840	9845	9847	9848	9849	9851	9858		---611
9861	9861	9865	9868	9873	9875	9876	9877	9879	9886		---612
9889	9889	9893	9896	9901	9903	9904	9905	9907	9914		---613
9917	9917	9921	9924	9929	9931	9932	9933	9935	9942		---614
9945	9945	9949	9952	9957	9959	9960	9961	9963	9970		---615
9973	9973	9977	9980	9985	9987	9988	9989	9991	9998		---616
10001	10001	10005	10008	10013	10015	10016	10017	10019	10026		---617
10029	10029	10033	10036	10041	10043	10044	10045	10047	10054		---618
10057	10057	10061	10064	10069	10071	10072	10073	10075	10082		---619
10085	10085	10089	10092	10097	10099	10100	10101	10103	10110		---620
10113	10113	10117	10120	10125	10127	10128	10129	10131	10138		---621
10141	10141	10145	10148	10153	10155	10156	10157	10159	10166		---622
10169	10169	10173	10176	10181	10183	10184	10185	10187	10194		---623
10197	10197	10201	10204	10209	10211	10212	10213	10215	10222		---624
10225	10225	10229	10232	10237	10239	10240	10241	10243	10250		---625
10253	10253	10257	10260	10265	10267	10268	10269	10271	10278		---626
10281	10281	10285	10288	10293	10295	10296	10297	10299	10306		---627
10309	10309	10313	10316	10321	10323	10324	10325	10327	10334		---628
10337	10337	10341	10344	10349	10351	10352	10353	10355	10362		---629
10365	10365	10369	10372	10377	10379	10380	10381	10383	10390		---630
10393	10393	10397	10400	10405	10407	10408	10409	10411	10418		---631
10421	10421	10425	10428	10433	10435	10436	10437	10439	10446		---632
10449	10449	10453	10456	10461	10463	10464	10465	10467	10474		---633
10477	10477	10481	10484	10489	10491	10492	10493	10495	10502		---634
10505	10505	10509	10512	10517	10519	10520	10521	10523	10530		---635
10533	10533	10537	10540	10545	10547	10548	10549	10551	10558		---636
10561	10561	10565	10568	10573	10575	10576	10577	10579	10586		---637
10589	10589	10593	10596	10601	10603	10604	10605	10607	10614		---638
10617	10617	10621	10624	10629	10631	10632	10633	10635	10642		---639
10645	10645	10649	10652	10657	10659	10660	10661	10663	10670		---640
10673	10673	10677	10680	10685	10687	10688	10689	10691	10698		---641
10701	10701	10705	10708	10713	10715	10716	10717	10719	10726		---642
10729	10729	10733	10736	10741	10743	10744	10745	10747	10754		---643
10757	10757	10761	10764	10769	10771	10772	10773	10775	10782		---644
10785	10785	10789	10792	10797	10799	10800	10801	10803	10810		---645
10813	10813	10817	10820	10825	10827	10828	10829	10831	10838		---646
10841	10841	10845	10848	10853	10855	10856	10857	10859	10866		---647
10869	10869	10873	10876	10881	10883	10884	10885	10887	10894		---648
10897	10897	10901	10904	10909	10911	10912	10913	10915	10922		---649
10925	10925	10929	10932	10937	10939	10940	10941	10943	10950		---650
10953	10953	10957	10960	10965	10967	10968	10969	10971	10978		---651
10981	10981	10985	10988	10993	10995	10996	10997	10999	11006		---652
11009	11009	11013	11016	11021	11023	11024	11025	11027	11034		---653
11037	11037	11041	11044	11049	11051	11052	11053	11055	11062		---654
11065	11065	11069	11072	11077	11079	11080	11081	11083	11090		---655
11093	11093	11097	11100	11105	11107	11108	11109	11111	11118		---656
11121	11121	11125	11128	11133	11135	11136	11137	11139	11146		---657
11149	11149	11153	11156	11161	11163	11164	11165	11167	11174		---658
11177	11177	11181	11184	11189	11191	11192	11193	11195	11202		---659
11205	11205	11209	11212	11217	11219	11220	11221	11223	11230		---660
11233	11233	11237	11240	11245	11247	11248	11249	11251	11258		---661
11261	11261	11265	11268	11273	11275	11276	11277	11279	11286		---662
11289	11289	11293	11296	11301	11303	11304	11305	11307	11314		---663
11317	11317	11321	11324	11329	11331	11332	11333	11335	11342		---664
11345	11345	11349	11352	11357	11359	11360	11361	11363	11370		---665
11373	11373	11377	11380	11385	11387	11388	11389	11391	11398		---666
11401	11401	11405	11408	11413	11415	11416	11417	11419	11426		---667
11429	11429	11433	11436	11441	11443	11444	11445	11447	11454		---668
11457	11457	11461	11464	11469	11471	11472	11473	11475	11482		---669
11485	11485	11489	11492	11497	11499	11500	11501	11503	11510		---670
11513	11513	11517	11520	11525	11527	11528	11529	11531	11538		---671
11541	11541	11545	11548	11553	11555	11556	11557	11559	11566		---672
11569	11569	11573	11576	11581	11583	11584	11585	11587	11594		---673
11597	11597	11601	11604	11609	11611	11612	11613	11615	11622		---674
11625	11625	11629	11632	11637	11639	11640	11641	11643	11650		---675
11653	11653	11657	11660	11665	11667	11668	11669	11671	11678		---676
11681	11681	11685	11688	11693	11695	11696	11697	11699	11706		---677
11709	11709	11713	11716	11721	11723	11724	11725	11727	11734		---678
11737	11737	11741	11744	11749	11751	11752	11753	11755	11762		---679
11765	11765	11769	11772	11777	11779	11780	11781	11783	11790		---680
11793	11793	11797	11800	11805	11807	11808	11809	11811	11818		---681
11821	11821	11825	11828	11833	11835	11836	11837	11839	11846		---682
11849	11849	11853	11856	11861	11863	11864	11865	11867	11874		---683
11877	11877	11881	11884	11889	11891	11892	11893	11895	11902		---684
11905	11905	11909	11912	11917	11919	11920	11921	11923	11930		---685
11933	11933	11937	11940	11945	11947	11948	11949	11951	11958		---686
11961	11961	11965	11968	11973	11975	11976	11977	11979	11986		---687
11989	11989	11993	11996	12001	12003	12004	12005	12007	12014		---688
12017	12017	12021	12024	12029	12031	12032	12033	12035	12042		---689
12045	12045	12049	12052	12057	12059	12060	12061	12063	12070		---690
12073	12073	12077	12080	12085	12087	12088	12089	12091	12098		---691
12101	12101	12105	12108	12113	12115	12116	12117	12119	12126		---692
12129	12129	12133	12136	12141	12143	12144	12145	12147	12154		---693
12157	12157	12161	12164	12169	12171	12172	12173	12175	12182		---694
12185	12185	12189	12192	12197	12199	12200	12201	12203	12210		---695
12213	12213	12217	12220	12225	12227	12228	12229	12231	12238		---696
12241	12241	12245	12248	12253	12255	12256	12257	12259	12266		---697
12269	12269	12273	12276	12281	12283	12284	12285	12287	12294		---698
12297	12297	12301	12304	12309	12311	12312	12313	12315	12322		---699
12325	12325	12329	12332	12337	12339	12340	12341	12343	12350		---700
12353	12353	12357	12360	12365	12367	12368	12369	12371	12378		---701
12381	12381	12385	12388	12393	12395	12396	12397	12399	12406		---702
12409	12409	12413	12416	12421	12423	12424	12425	12427	12434		---703
12437	12437	12441	12444	12449	12451	12452	12453	12455	12462		---704
12465	12465	12469	12472	12477	12479	12480	12481	12483	12490		---705
12493	12493	12497	12500	12505	12507	12508	12509	12511	12518		---706
12521	12521	12525	12528	12533	12535	12536	12537	12539	12546		---707
12549	12549	12553	12556	12561	12563	12564	12565	12567	12574		---708
12577	12577	12581	12584	12589	12591	12592	12593	12595	12602		---709
12605	12605	12609	12612	12617	12619	12620	12621	12623	12630		---710
12633	12633	12637	12640	12645	12647	12648	12649	12651	12658		---711
12661	12661	12665	12668	12673	12675	12676	12677	12679	12686		---712
12689	12689	12693	12696	12701	12703	12704	12705	12707	12714		---713
12717	12717	12721	12724	12729	12731	12732	12733	12735	12742		---714
12745	12745	12749	12752	12757	12759	12760	12761	12763	12770		---715
12773	12773	12777	12780	12785	12787	12788	12789	12791	12798		---716
12801	12801	12805	12808	12813	12815	12816	12817	12819	12826		---717
12829	12829	12833	12836	12841	12843	12844	12845	12847	12854		---718
12857	12857	12861	12864	12869	12871	12872	12873	12875	12882		---719
12885	12885	12889	12892	12897	12899	12900	12901	12903	12910		---720
12913	12913	12917	12920	12925	12927	12928	12929	12931	12938		---721
12941	12941	12945	12948	12953	12955	12956	12957	12959	12966		---722
12969	12969	12973	12976	12981	12983	12984	12985	12987	12994		---723
12997	12997	13001	13004	13009	13011	13012	13013	13015	13022		---724
13025	13025	13029	13032	13037	13039	13040	13041	13043	13050		---725
13053	13053	13057	13060	13065	13067	13068	13069	13071	13078		---726
13081	13081	13085	13088	13093	13095	13096	13097	13099	13106		---727
13109	13109	13113	13116	13121	13123	13124	13125	13127	13134		---728
13137	13137	13141	13144	13149	13151	13152	13153	13155	13162		---729
13165	13165	13169	13172	13177	13179	13180	13181	13183	13190		---730
13193	13193	13197	13200	13205	13207	13208	13209	13211	13218		---731
13221	13221	13225	13228	13233	13235	13236	13237	13239	13246		---732
13249	13249	13253	13256	13261	13263	13264	13265	13267	13274		---733
13277	13277	13281	13284	13289	13291	13292	13293	13295	13302		---734
13305	13305	13309	13312	13317	13319	13320	13321	13323	13330		---735
13333	13333	13337	13340	13345	13347	13348	13349	13351	13358		---736
13361	13361	13365	13368	13373	13375	13376	13377	13379	13386		---737
13389	13389	13393	13396	13401	13403	13404	13405	13407	13414		---738
13417	13417	13421	13424	13429	13431	13432	13433	13435	13442		---739
13445	13445	13449	13452	13457	13459	13460	13461	13463	13470		---740
13473	13473	13477	13480	13485	13487	13488	13489	13491	13498		---741
13501	13501	13505	13508	13513	13515	13516	13517	13519	13526		---742
13529	13529	13533	13536	13541	13543	13544	13545	13547	13554		---743
13557	13557	13561	13564	13569	13571	13572	13573	13575	13582		---744
13585	13585	13589	13592	13597	13599	13600	13601	13603	13610		---745
13613	13613	13617	13620	13625	13627	13628	13629	13631	13638		---746
13641	13641	13645	13648	13653	13655	13656	13657	13659	13666		---747
13669	13669	13673	13676	13681	13683	13684	13685	13687	13694		---748
13697	13697	13701	13704	13709	13711	13712	13713	13715	13722		---749
13725	13725	13729	13732	13737	13739	13740	13741	13743	13750		---750
13753	13753	13757	13760	13765	13767	13768	13769	13771	13778		---751
13781	13781	13785	13788	13793	13795	13796	13797	13799	13806		---752
13809	13809	13813	13816	13821	13823	13824	13825	13827	13834		---753
13837	13837	13841	13844	13849	13851	13852	13853	13855	13862		---754
13865	13865	13869	13872	13877	13879	13880	13881	13883	13890		---755
13893	13893	13897	13900	13905	13907	13908	13909	13911	13918		---756
13921	13921	13925	13928	13933	13935	13936	13937	13939	13946		---757
13949	13949	13953	13956	13961	13963	13964	13965	13967	13974		---758
13977	13977	13981	13984	13989	13991	13992	13993	13995	14002		---759
14005	14005	14009	14012	14017	14019	14020	14021	14023	14030		---760
14033	14033	14037	14040	14045	14047	14048	14049	14051	14058		---761
14061	14061	14065	14068	14073	14075	14076	14077	14079	14086		---762
14089	14089	14093	14096	14101	14103	14104	14105	14107	14114		---763
14117	14117	14121	14124	14129	14131	14132	14133	14135	14142		---764
14145	14145	14149	14152	14157	14159	14160	14161	14163	14170		---765
14173	14173	14177	14180	14185	14187	14188	14189	14191	14198		---766
14201	14201	14205	14208	14213	14215	14216	14217	14219	14226		---767
14229	14229	14233	14236	14241	14243	14244	14245	14247	14254		---768
14257	14257	14261	14264	14269	14271	14272	14273	14275	14282		---769
14285	14285	14289	14292	14297	14299	14300	14301	14303	14310		---770
14313	14313	14317	14320	14325	14327	14328	14329	14331	14338		---771
14341	14341	14345	14348	14353	14355	14356	14357	14359	14366		---772
14369	14369	14373	14376	14381	14383	14384	14385	14387	14394		---773
14397	14397	14401	14404	14409	14411	14412	14413	14415	14422		---774
14425	14425	14429	14432	14437	14439	14440	14441	14443	14450		---775
14453	14453	14457	14460	14465	14467	14468	14469	14471	14478		---776
14481	14481	14485	14488	14493	14495	14496	14497	14499	14506		---777
14509	14509	14513	14516	14521	14523	14524	14525	14527	14534		---778
14537	14537	14541	14544	14549	14551	14552	14553	14555	14562		---779
14565	14565	14569	14572	14577	14579	14580	14581	14583	14590		---780
14593	14593	14597	14600	14605	14607	14608	14609	14611	14618		---781
14621	14621	14625	14628	14633	14635	14636	14637	14639	14646		---782
14649	14649	14653	14656	14661	14663	14664	14665	14667	14674		---783
14677	14677	14681	14684	14689	14691	14692	14693	14695	14702		---784
14705	14705	14709	14712	14717	14719	14720	14721	14723	14730		---785
14733	14733	14737	14740	14745	14747	14748	14749	14751	14758		---786
14761	14761	14765	14768	14773	14775	14776	14777	14779	14786		---787
14789	14789	14793	14796	14801	14803	14804	14805	14807	14814		---788
14817	14817	14821	14824	14829	14831	14832	14833	14835	14842		---789
14845	14845	14849	14852	14857	14859	14860	14861	14863	14870		---790
14873	14873	14877	14880	14885	14887	14888	14889	14891	14898		---791
14901	14901	14905	14908	14913	14915	14916	14917	14919	14926		---792
14929	14929	14933	14936	14941	14943	14944	14945	14947	14954		---793
14957	14957	14961	14964	14969	14971	14972	14973	14975	14982		---794
14985	14985	14989	14992	14997	14999	15000	15001	15003	15010		---795
15013	15013	15017	15020	15025	15027	15028	15029	15031	15038		---796
15041	15041	15045	15048	15053	15055	15056	15057	15059	15066		---797
15069	15069	15073	15076	15081	15083	15084	15085	15087	15094		---798
15097	15097	15101	15104	15109	15111	15112	15113	15115	15122		---799
15125	15125	15129	15132	15137	15139	15140	15141	15143	15150		---800
15153	15153	15157	15160	15165	15167	15168	15169	15171	15178		---801
15181	15181	15185	15188	15193	15195	15196	15197	15199	15206		---802
15209	15209	15213	15216	15221	15223	15224	15225	15227	15234		---803
15237	15237	15241	15244	15249	15251	15252	15253	15255	15262		---804
15265	15265	15269	15272	15277	15279	15280	15281	15283	15290		---805
15293	15293	15297	15300	15305	15307	15308	15309	15311	15318		---806
15321	15321	15325	15328	15333	15335	15336	15337	15339	15346		---807
15349	15349	15353	15356	15361	15363	15364	15365	15367	15374		---808
15377	15377	15381	15384	15389	15391	15392	15393	15395	15402		---809
15405	15405	15409	15412	15417	15419	15420	15421	15423	15430		---810
15433	15433	15437	15440	15445	15447	15448	15449	15451	15458		---811
15461	15461	15465	15468	15473	15475	15476	15477	15479	15486		---812
15489	15489	15493	15496	15501	15503	15504	15505	15507	15514		---813
15517	15517	15521	15524	15529	15531	15532	15533	15535	15542		---814
15545	15545	15549	15552	15557	15559	15560	15561	15563	15570		---815
15573	15573	15577	15580	15585	15587	15588	15589	15591	15598		---816
15601	15601	15605	15608	15613	15615	15616	15617	15619	15626		---817
15629	15629	15633	15636	15641	15643	15644	15645	15647	15654		---818
15657	15657	15661	15664	15669	15671	15672	15673	15675	15682		---819
15685	15685	15689	15692	15697	15699	15700	15701	15703	15710		---820
15713	15713	15717	15720	15725	15727	15728	15729	15731	15738		---821
15741	15741	15745	15748	15753	15755	15756	15757	15759	15766		---822
15769	15769	15773	15776	15781	15783	15784	15785	15787	15794		---823
15797	15797	15801	15804	15809	15811	15812	15813	15815	15822		---824
15825	15825	15829	15832	15837	15839	15840	15841	15843	15850		---825
15853	15853	15857	15860	15865	15867	15868	15869	15871	15878		---826
15881	15881	15885	15888	15893	15895	15896	15897	15899	15906		---827
15909	15909	15913	15916	15921	15923	15924	15925	15927	15934		---828
15937	15937	15941	15944	15949	15951	15952	15953	15955	15962		---829
15965	15965	15969	15972	15977	15979	15980	15981	15983	15990		---830
15993	15993	15997	16000	16005	16007	16008	16009	16011	16018		---831
16021	16021	16025	16028	16033	16035	16036	16037	16039	16046		---832
16049	16049	16053	16056	16061	16063	16064	16065	16067	16074		---833
16077	16077	16081	16084	16089	16091	16092	16093	16095	16102		---834
16105	16105	16109	16112	16117	16119	16120	16121	16123	16130		---835
16133	16133	16137	16140	16145	16147	16148	16149	16151	16158		---836
16161	16161	16165	16168	16173	16175	16176	16177	16179	16186		---837
16189	16189	16193	16196	16201	16203	16204	16205	16207	16214		---838
16217	16217	16221	16224	16229	16231	16232	16233	16235	16242		---839
16245	16245	16249	16252	16257	16259	16260	16261	16263	16270		---840
16273	16273	16277	16280	16285	16287	16288	16289	16291	16298		---841
16301	16301	16305	16308	16313	16315	16316	16317	16319	16326		---842
16329	16329	16333	16336	16341	16343	16344	16345	16347	16354		---843
16357	16357	16361	16364	16369	16371	16372	16373	16375	16382		---844
16385	16385	16389	16392	16397	16399	16400	16401	16403	16410		---845
16413	16413	16417	16420	16425	16427	16428	16429	16431	16438		---846
16441	16441	16445	16448	16453	16455	16456	16457	16459	16466		---847
16469	16469	16473	16476	16481	16483	16484	16485	16487	16494		---848
16497	16497	16501	16504	16509	16511	16512	16513	16515	16522		---849
16525	16525	16529	16532	16537	16539	16540	16541	16543	16550		---850
16553	16553	16557	16560	16565	16567	16568	16569	16571	16578		---851
16581	16581	16585	16588	16593	16595	16596	16597	16599	16606		---852
16609	16609	16613	16616	16621	16623	16624	16625	16627	16634		---853
16637	16637	16641	16644	16649	16651	16652	16653	16655	16662		---854
16665	16665	16669	16672	16677	16679	16680	16681	16683	16690		---855
16693	16693	16697	16700	16705	16707	16708	16709	16711	16718		---856
16721	16721	16725	16728	16733	16735	16736	16737	16739	16746		---857
16749	16749	16753	16756	16761	16763	16764	16765	16767	16774		---858
16777	16777	16781	16784	16789	16791	16792	16793	16795	16802		---859
16805	16805	16809	16812	16817	16819	16820	16821	16823	16830		---860
16833	16833	16837	16840	16845	16847	16848	16849	16851	16858		---861
16861	16861	16865	16868	16873	16875	16876	16877	16879	16886		---862
16889	16889	16893	16896	16901	16903	16904	16905	16907	16914		---863
16917	16917	16921	16924	16929	16931	16932	16933	16935	16942		---864
16945	16945	16949	16952	16957	16959	16960	16961	16963	16970		---865
16973	16973	16977	16980	16985	16987	16988	16989	16991	16998		---866
17001	17001	17005	17008	17013	17015	17016	17017	17019	17026		---867
17029	17029	17033	17036	17041	17043	17044	17045	17047	17054		---868
17057	17057	17061	17064	17069	17071	17072	17073	17075	17082		---869
17085	17085	17089	17092	17097	17099	17100	17101	17103	17110		---870
17113	17113	17117	17120	17125	17127	17128	17129	17131	17138		---871
17141	17141	17145	17148	17153	17155	17156	17157	17159	17166		---872
17169	17169	17173	17176	17181	17183	17184	17185	17187	17194		---873
17197	17197	17201	17204	17209	17211	17212	17213	17215	17222		---874
17225	17225	17229	17232	17237	17239	17240	17241	17243	17250		---875
17253	17253	17257	17260	17265	17267	17268	17269	17271	17278		---876
17281	17281	17285	17288	17293	17295	17296	17297	17299	17306		---877
17309	17309	17313	17316	17321	17323	17324	17325	17327	17334		---878
17337	17337	17341	17344	17349	17351	17352	17353	17355	17362		---879
17365	17365	17369	17372	17377	17379	17380	17381	17383	17390		---880
17393	17393	17397	17400	17405	17407	17408	17409	17411	17418		---881
17421	17421	17425	17428	17433	17435	17436	17437	17439	17446		---882
17449	17449	17453	17456	17461	17463	17464	17465	17467	17474		---883
17477	17477	17481	17484	17489	17491	17492	17493	17495	17502		---884
17505	17505	17509	17512	17517	17519	17520	17521	17523	17530		---885
17533	17533	17537	17540	17545	17547	17548	17549	17551	17558		---886
17561	17561	17565	17568	17573	17575	17576	17577	17579	17586		---887
17589	17589	17593	17596	17601	17603	17604	17605	17607	17614		---888
17617	17617	17621	17624	17629	17631	17632	17633	17635	17642		---889
17645	17645	17649	17652	17657	17659	17660	17661	17663	17670		---890
17673	17673	17677	17680	17685	17687	17688	17689	17691	17698		---891
17701	17701	17705	17708	17713	17715	17716	17717	17719	17726		---892
17729	17729	17733	17736	17741	17743	17744	17745	17747	17754		---893
17757	17757	17761	17764	17769	17771	17772	17773	17775	17782		---894
17785	17785	17789	17792	17797	17799	17800	17801	17803	17810		---895
17813	17813	17817	17820	17825	17827	17828	17829	17831	17838		---896
17841	17841	17845	17848	17853	17855	17856	17857	17859	17866		---897
17869	17869	17873	17876	17881	17883	17884	17885	17887	17894		---898
17897	17897	17901	17904	17909	17911	17912	17913	17915	17922		---899
17925	17925	17929	17932	17937	17939	17940	17941	17943	17950		---900
17953	17953	17957	17960	17965	17967	17968	17969	17971	17978		---901
17981	17981	17985	17988	17993	17995	17996	17997	17999	18006		---902
18009	18009	18013	18016	18021	18023	18024	18025	18027	18034		---903
18037	18037	18041	18044	18049	18051	18052	18053	18055	18062		---904
18065	18065	18069	18072	18077	18079	18080	18081	18083	18090		---905
18093	18093	18097	18100	18105	18107	18108	18109	18111	18118		---906
18121	18121	18125	18128	18133	18135	18136	18137	18139	18146		---907
18149	18149	18153	18156	18161	18163	18164	18165	18167	18174		---908
18177	18177	18181	18184	18189	18191	18192	18193	18195	18202		---909
18205	18205	18209	18212	18217	18219	18220	18221	18223	18230		---910
18233	18233	18237	18240	18245	18247	18248	18249	18251	18258		---911
18261	18261	18265	18268	18273	18275	18276	18277	18279	18286		---912
18289	18289	18293	18296	18301	18303	18304	18305	18307	18314		---913
18317	18317	18321	18324	18329	18331	18332	18333	18335	18342		---914
18345	18345	18349	18352	18357	18359	18360	18361	18363	18370		---915
18373	18373	18377	18380	18385	18387	18388	18389	18391	18398		---916
18401	18401	18405	18408	18413	18415	18416	18417	18419	18426		---917
18429	18429	18433	18436	18441	18443	18444	18445	18447	18454		---918
18457	18457	18461	18464	18469	18471	18472	18473	18475	18482		---919
18485	18485	18489	18492	18497	18499	18500	18501	18503	18510		---920
18513	18513	18517	18520	18525	18527	18528	18529	18531	18538		---921
18541	18541	18545	18548	18553	18555	18556	18557	18559	18566		---922
18569	18569	18573	18576	18581	18583	18584	18585	18587	18594		---923
18597	18597	18601	18604	18609	18611	18612	18613	18615	18622		---924
18625	18625	18629	18632	18637	18639	18640	18641	18643	18650		---925
18653	18653	18657	18660	18665	18667	18668	18669	18671	18678		---926
18681	18681	18685	18688	18693	18695	18696	18697	18699	18706		---927
18709	18709	18713	18716	18721	18723	18724	18725	18727	18734		---928
18737	18737	18741	18744	18749	18751	18752	18753	18755	18762		---929
18765	18765	18769	18772	18777	18779	18780	18781	18783	18790		---930
18793	18793	18797	18800	18805	18807	18808	18809	18811	18818		---931
18821	18821	18825	18828	18833	18835	18836	18837	18839	18846		---932
18849	18849	18853	18856	18861	18863	18864	18865	18867	18874		---933
18877	18877	18881	18884	18889	18891	18892	18893	18895	18902		---934
18905	18905	18909	18912	18917	18919	18920	18921	18923	18930		---935
18933	18933	18937	18940	18945	18947	18948	18949	18951	18958		---936
18961	18961	18965	18968	18973	18975	18976	18977	18979	18986		---937
18989	18989	18993	18996	19001	19003	19004	19005	19007	19014		---938
19017	19017	19021	19024	19029	19031	19032	19033	19035	19042		---939
19045	19045	19049	19052	19057	19059	19060	19061	19063	19070		---940
19073	19073	19077	19080	19085	19087	19088	19089	19091	19098		---941
19101	19101	19105	19108	19113	19115	19116	19117	19119	19126		---942
19129	19129	19133	19136	19141	19143	19144	19145	19147	19154		---943
19157	19157	19161	19164	19169	19171	19172	19173	19175	19182		---944
19185	19185	19189	19192	19197	19199	19200	19201	19203	19210		---945
19213	19213	19217	19220	19225	19227	19228	19229	19231	19238		---946
19241	19241	19245	19248	19253	19255	19256	19257	19259	19266		---947
19269	19269	19273	19276	19281	19283	19284	19285	19287	19294		---948
19297	19297	19301	19304	19309	19311	19312	19313	19315	19322		---949
19325	19325	19329	19332	19337	19339	19340	19341	19343	19350		---950
19353	19353	19357	19360	19365	19367	19368	19369	19371	19378		---951
19381	19381	19385	19388	19393	19395	19396	19397	19399	19406		---952
19409	19409	19413	19416	19421	19423	19424	19425	19427	19434		---953
19437	19437	19441	19444	19449	19451	19452	19453	19455	19462		---954
19465	19465	19469	19472	19477	19479	19480	19481	19483	19490		---955
19493	19493	19497	19500	19505	19507	19508	19509	19511	19518		---956
19521	19521	19525	19528	19533	19535	19536	19537	19539	19546		---957
19549	19549	19553	19556	19561	19563	19564	19565	19567	19574		---958
19577	19577	19581	19584	19589	19591	19592	19593	19595	19602		---959
19605	19605	19609	19612	19617	19619	19620	19621	19623	19630		---960
19633	19633	19637	19640	19645	19647	19648	19649	19651	19658		---961
19661	19661	19665	19668	19673	19675	19676	19677	19679	19686		---962
19689	19689	19693	19696	19701	19703	19704	19705	19707	19714		---963
19717	19717	19721	19724	19729	19731	19732	19733	19735	19742		---964
19745	19745	19749	19752	19757	19759	19760	19761	19763	19770		---965
19773	19773	19777	19780	19785	19787	19788	19789	19791	19798		---966
19801	19801	19805	19808	19813	19815	19816	19817	19819	19826		---967
19829	19829	19833	19836	19841	19843	19844	19845	19847	19854		---968
19857	19857	19861	19864	19869	19871	19872	19873	19875	19882		---969
19885	19885	19889	19892	19897	19899	19900	19901	19903	19910		---970
19913	19913	19917	19920	19925	19927	19928	19929	19931	19938		---971
19941	19941	19945	19948	19953	19955	19956	19957	19959	19966		---972
19969	19969	19973	19976	19981	19983	19984	19985	19987	19994		---973
19997	19997	20001	20004	20009	20011	20012	20013	20015	20022		---974
20025	20025	20029	20032	20037	20039	20040	20041	20043	20050		---975
20053	20053	20057	20060	20065	20067	20068	20069	20071	20078		---976
20081	20081	20085	20088	20093	20095	20096	20097	20099	20106		---977
20109	20109	20113	20116	20121	20123	20124	20125	20127	20134		---978
20137	20137	20141	20144	20149	20151	20152	20153	20155	20162		---979
20165	20165	20169	20172	20177	20179	20180	20181	20183	20190		---980
20193	20193	20197	20200	20205	20207	20208	20209	20211	20218		---981
20221	20221	20225	20228	20233	20235	20236	20237	20239	20246		---982
20249	20249	20253	20256	20261	20263	20264	20265	20267	20274		---983
20277	20277	20281	20284	20289	20291	20292	20293	20295	20302		---984
20305	20305	20309	20312	20317	20319	20320	20321	20323	20330		---985
20333	20333	20337	20340	20345	20347	20348	20349	20351	20358		---986
20361	20361	20365	20368	20373	20375	20376	20377	20379	20386		---987
20389	20389	20393	20396	20401	20403	20404	20405	20407	20414		---988
20417	20417	20421	20424	20429	20431	20432	20433	20435	20442		---989
20445	20445	20449	20452	20457	20459	20460	20461	20463	20470		---990
20473	20473	20477	20480	20485	20487	20488	20489	20491	20498		---991
20501	20501	20505	20508	20513	20515	20516	20517	20519	20526		---992
20529	20529	20533	20536	20541	20543	20544	20545	20547	20554		---993
20557	20557	20561	20564	20569	20571	20572	20573	20575	20582		---994
20585	20585	20589	20592	20597	20599	20600	20601	20603	20610		---995
20613	20613	20617	20620	20625	20627	20628	20629	20631	20638		---996
20641	20641	20645	20648	20653	20655	20656	20657	20659	20666		---997
20669	20669	20673	20676	20681	20683	20684	20685	20687	20694		---998
20697	20697	20701	20704	20709	20711	20712	20713	20715	20722		---999
20725	20725	20729	20732	20737	20739	20740	20741	20743	20750		---1000
20753	20753	20757	20760	20765	20767	20768	20769	20771	20778		---1001
20781	20781	20785	20788	20793	20795	20796	20797	20799	20806		---1002
20809	20809	20813	20816	20821	20823	20824	20825	20827	20834		---1003
20837	20837	20841	20844	20849	20851	20852	20853	20855	20862		---1004
20865	20865	20869	20872	20877	20879	20880	20881	20883	20890		---1005
20893	20893	20897	20900	20905	20907	20908	20909	20911	20918		---1006
20921	20921	20925	20928	20933	20935	20936	20937	20939	20946		---1007
20949	20949	20953	20956	20961	20963	20964	20965	20967	20974		---1008
20977	20977	20981	20984	20989	20991	20992	20993	20995	21002		---1009
21005	21005	21009	21012	21017	21019	21020	21021	21023	21030		---1010
21033	21033	21037	21040	21045	21047	21048	21049	21051	21058		---1011
21061	21061	21065	21068	21073	21075	21076	21077	21079	21086		---1012
21089	21089	21093	21096	21101	21103	21104	21105	21107	21114		---1013
21117	21117	21121	21124	21129	21131	21132	21133	21135	21142		---1014
21145	21145	21149	21152	21157	21159	21160	21161	21163	21170		---1015
21173	21173	21177	21180	21185	21187	21188	21189	21191	21198		---1016
21201	21201	21205	21208	21213	21215	21216	21217	21219	21226		---1017
21229	21229	21233	21236	21241	21243	21244	21245	21247	21254		---1018
21257	21257	21261	21264	21269	21271	21272	21273	21275	21282		---1019
21285	21285	21289	21292	21297	21299	21300	21301	21303	21310		---1020
21313	21313	21317	21320	21325	21327	21328	21329	21331	21338		---1021
21341	21341	21345	21348	21353	21355	21356	21357	21359	21366		---1022
21369	21369	21373	21376	21381	21383	21384	21385	21387	21394		---1023
21397	21397	21401	21404	21409	21411	21412	21413	21415	21422		---1024
21425	21425	21429	21432	21437	21439	21440	21441	21443	21450		---1025
21453	21453	21457	21460	21465	21467	21468	21469	21471	21478		---1026
21481	21481	21485	21488	21493	21495	21496	21497	21499	21506		---1027
21509	21509	21513	21516	21521	21523	21524	21525	21527	21534		---1028
21537	21537	21541	21544	21549	21551	21552	21553	21555	21562		---1029
21565	21565	21569	21572	21577	21579	21580	21581	21583	21590		---1030
21593	21593	21597	21600	21605	21607	21608	21609	21611	21618		---1031
21621	21621	21625	21628	21633	21635	21636	21637	21639	21646		---1032
21649	21649	21653	21656	21661	21663	21664	21665	21667	21674		---1033
21677	21677	21681	21684	21689	21691	21692	21693	21695	21702		---1034
21705	21705	21709	21712	21717	21719	21720	21721	21723	21730		---1035
21733	21733	21737	21740	21745	21747	21748	21749	21751	21758		---1036
21761	21761	21765	21768	21773	21775	21776	21777	21779	21786		---1037
21789	21789	21793	21796	21801	21803	21804	21805	21807	21814		---1038
21817	21817	21821	21824	21829	21831	21832	21833	21835	21842		---1039
21845	21845	21849	21852	21857	21859	21860	21861	21863	21870		---1040
21873	21873	21877	21880	21885	21887	21888	21889	21891	21898		---1041
21901	21901	21905	21908	21913	21915	21916	21917	21919	21926		---1042
21929	21929	21933	21936	21941	21943	21944	21945	21947	21954		---1043
21957	21957	21961	21964	21969	21971	21972	21973	21975	21982		---1044
21985	21985	21989	21992	21997	21999	22000	22001	22003	22010		---1045
22013	22013	22017	22020	22025	22027	22028	22029	22031	22038		---1046
22041	22041	22045	22048	22053	22055	22056	22057	22059	22066		---1047
22069	22069	22073	22076	22081	22083	22084	22085	22087	22094		---1048
22097	22097	22101	22104	22109	22111	22112	22113	22115	22122		---1049
22125	22125	22129	22132	22137	22139	22140	22141	22143	22150		---1050
22153	22153	22157	22160	22165	22167	22168	22169	22171	22178		---1051
22181	22181	22185	22188	22193	22195	22196	22197	22199	22206		---1052
22209	22209	22213	22216	22221	22223	22224	22225	22227	22234		---1053
22237	22237	22241	22244	22249	22251	22252	22253	22255	22262		---1054
22265	22265	22269	22272	22277	22279	22280	22281	22283	22290		---1055
22293	22293	22297	22300	22305	22307	22308	22309	22311	22318		---1056
22321	22321	22325	22328	22333	22335	22336	22337	22339	22346		---1057
22349	22349	22353	22356	22361	22363	22364	22365	22367	22374		---1058
22377	22377	22381	22384	22389	22391	22392	22393	22395	22402		---1059
22405	22405	22409	22412	22417	22419	22420	22421	22423	22430		---1060
22433	22433	22437	22440	22445	22447	22448	22449	22451	22458		---1061
22461	22461	22465	22468	22473	22475	22476	22477	22479	22486		---1062
22489	22489	22493	22496	22501	22503	22504	22505	22507	22514		---1063
22517	22517	22521	22524	22529	22531	22532	22533	22535	22542		---1064
22545	22545	22549	22552	22557	22559	22560	22561	22563	22570		---1065
22573	22573	22577	22580	22585	22587	22588	22589	22591	22598		---1066
22601	22601	22605	22608	22613	22615	22616	22617	22619	22626		---1067
22629	22629	22633	22636	22641	22643	22644	22645	22647	22654		---1068
22657	22657	22661	22664	22669	22671	22672	22673	22675	22682		---1069
22685	22685	22689	22692	22697	22699	22700	22701	22703	22710		---1070
22713	22713	22717	22720	22725	22727	22728	22729	22731	22738		---1071
22741	22741	22745	22748	22753	22755	22756	22757	22759	22766		---1072
22769	22769	22773	22776	22781	22783	22784	22785	22787	22794		---1073
22797	22797	22801	22804	22809	22811	22812	22813	22815	22822		---1074
22825	22825	22829	22832	22837	22839	22840	22841	22843	22850		---1075
22853	22853	22857	22860	22865	22867	22868	22869	22871	22878		---1076
22881	22881	22885	22888	22893	22895	22896	22897	22899	22906		---1077
22909	22909	22913	22916	22921	22923	22924	22925	22927	22934		---1078
22937	22937	22941	22944	22949	22951	22952	22953	22955	22962		---1079
22965	22965	22969	22972	22977	22979	22980	22981	22983	22990		---1080
22993	22993	22997	23000	23005	23007	23008	23009	23011	23018		---1081
23021	23021	23025	23028	23033	23035	23036	23037	23039	23046		---1082
23049	23049	23053	23056	23061	23063	23064	23065	23067	23074		---1083
23077	23077	23081	23084	23089	23091	23092	23093	23095	23102		---1084
23105	23105	23109	23112	23117	23119	23120	23121	23123	23130		---1085
23133	23133	23137	23140	23145	23147	23148	23149	23151	23158		---1086
23161	23161	23165	23168	23173	23175	23176	23177	23179	23186		---1087
23189	23189	23193	23196	23201	23203	23204	23205	23207	23214		---1088
23217	23217	23221	23224	23229	23231	23232	23233	23235	23242		---1089
23245	23245	23249	23252	23257	23259	23260	23261	23263	23270		---1090
23273	23273	23277	23280	23285	23287	23288	23289	23291	23298		---1091
23301	23301	23305	23308	23313	23315	23316	23317	23319	23326		---1092
23329	23329	23333	23336	23341	23343	23344	23345	23347	23354		---1093
23357	23357	23361	23364	23369	23371	23372	23373	23375	23382		---1094
23385	23385	23389	23392	23397	23399	23400	23401	23403	23410		---1095
23413	23413	23417	23420	23425	23427	23428	23429	23431	23438		---1096
23441	23441	23445	23448	23453	23455	23456	23457	23459	23466		---1097
23469	23469	23473	23476	23481	23483	23484	23485	23487	23494		---1098
23497	23497	23501	23504	23509	23511	23512	23513	23515	23522		---1099
23525	23525	23529	23532	23537	23539	23540	23541	23543	23550		---1100
23553	23553	23557	23560	23565	23567	23568	23569	23571	23578		---1101
23581	23581	23585	23588	23593	23595	23596	23597	23599	23606		---1102
23609	23609	23613	23616	23621	23623	23624	23625	23627	23634		---1103
23637	23637	23641	23644	23649	23651	23652	23653	23655	23662		---1104
23665	23665	23669	23672	23677	23679	23680	23681	23683	23690		---1105
23693	23693	23697	23700	23705	23707	23708	23709	23711	23718		---1106
23721	23721	23725	23728	23733	23735	23736	23737	23739	23746		---1107
23749	23749	23753	23756	23761	23763	23764	23765	23767	23774		---1108
23777	23777	23781	23784	23789	23791	23792	23793	23795	23802		---1109
23805	23805	23809	23812	23817	23819	23820	23821	23823	23830		---1110
23833	23833	23837	23840	23845	23847	23848	23849	23851	23858		---1111
23861	23861	23865	23868	23873	23875	23876	23877	23879	23886		---1112
23889	23889	23893	23896	23901	23903	23904	23905	23907	23914		---1113
23917	23917	23921	23924	23929	23931	23932	23933	23935	23942		---1114
23945	23945	23949	23952	23957	23959	23960	23961	23963	23970		---1115
23973	23973	23977	23980	23985	23987	23988	23989	23991	23998		---1116
24001	24001	24005	24008	24013	24015	24016	24017	24019	24026		---1117
24029	24029	24033	24036	24041	24043	24044	24045	24047	24054		---1118
24057	24057	24061	24064	24069	24071	24072	24073	24075	24082		---1119
24085	24085	24089	24092	24097	24099	24100	24101	24103	24110		---1120
24113	24113	24117	24120	24125	24127	24128	24129	24131	24138		---1121
24141	24141	24145	24148	24153	24155	24156	24157	24159	24166		---1122
24169	24169	24173	24176	24181	24183	24184	24185	24187	24194		---1123
24197	24197	24201	24204	24209	24211	24212	24213	24215	24222		---1124
24225	24225	24229	24232	24237	24239	24240	24241	24243	24250		---1125
24253	24253	24257	24260	24265	24267	24268	24269	24271	24278		---1126
24281	24281	24285	24288	24293	24295	24296	24297	24299	24306		---1127
24309	24309	24313	24316	24321	24323	24324	24325	24327	24334		---1128
24337	24337	24341	24344	24349	24351	24352	24353	24355	24362		---1129
24365	24365	24369	24372	24377	24379	24380	24381	24383	24390		---1130
24393	24393	24397	24400	24405	24407	24408	24409	24411	24418		---1131
24421	24421	24425	24428	24433	24435	24436	24437	24439	24446		---1132
24449	24449	24453	24456	24461	24463	24464	24465	24467	24474		---1133
24477	24477	24481	24484	24489	24491	24492	24493	24495	24502		---1134
24505	24505	24509	24512	24517	24519	24520	24521	24523	24530		---1135
24533	24533	24537	24540	24545	24547	24548	24549	24551	24558		---1136
24561	24561	24565	24568	24573	24575	24576	24577	24579	24586		---1137
24589	24589	24593	24596	24601	24603	24604	24605	24607	24614		---1138
24617	24617	24621	24624	24629	24631	24632	24633	24635	24642		---1139
24645	24645	24649	24652	24657	24659	24660	24661	24663	24670		---1140
24673	24673	24677	24680	24685	24687	24688	24689	24691	24698		---1141
24701	24701	24705	24708	24713	24715	24716	24717	24719	24726		---1142
24729	24729	24733	24736	24741	24743	24744	24745	24747	24754		---1143
24757	24757	24761	24764	24769	24771	24772	24773	24775	24782		---1144
24785	24785	24789	24792	24797	24799	24800	24801	24803	24810		---1145
24813	24813	24817	24820	24825	24827	24828	24829	24831	24838		---1146
24841	24841	24845	24848	24853	24855	24856	24857	24859	24866		---1147
24869	24869	24873	24876	24881	24883	24884	24885	24887	24894		---1148
24897	24897	24901	24904	24909	24911	24912	24913	24915	24922		---1149
24925	24925	24929	24932	24937	24939	24940	24941	24943	24950		---1150
24953	24953	24957	24960	24965	24967	24968	24969	24971	24978		---1151
24981	24981	24985	24988	24993	24995	24996	24997	24999	25006		---1152
25009	25009	25013	25016	25021	25023	25024	25025	25027	25034		---1153
25037	25037	25041	25044	25049	25051	25052	25053	25055	25062		---1154
25065	25065	25069	25072	25077	25079	25080	25081	25083	25090		---1155
25093	25093	25097	25100	25105	25107	25108	25109	25111	25118		---1156
25121	25121	25125	25128	25133	25135	25136	25137	25139	25146		---1157
25149	25149	25153	25156	25161	25163	25164	25165	25167	25174		---1158
25177	25177	25181	25184	25189	25191	25192	25193	25195	25202		---1159
25205	25205	25209	25212	25217	25219	25220	25221	25223	25230		---1160
25233	25233	25237	25240	25245	25247	25248	25249	25251	25258		---1161
25261	25261	25265	25268	25273	25275	25276	25277	25279	25286		---1162
25289	25289	25293	25296	25301	25303	25304	25305	25307	25314		---1163
25317	25317	25321	25324	25329	25331	25332	25333	25335	25342		---1164
25345	25345	25349	25352	25357	25359	25360	25361	25363	25370		---1165
25373	25373	25377	25380	25385	25387	25388	25389	25391	25398		---1166
25401	25401	25405	25408	25413	25415	25416	25417	25419	25426		---1167
25429	25429	25433	25436	25441	25443	25444	25445	25447	25454		---1168
25457	25457	25461	25464	25469	25471	25472	25473	25475	25482		---1169
25485	25485	25489	25492	25497	25499	25500	25501	25503	25510		---1170
25513	25513	25517	25520	25525	25527	25528	25529	25531	25538		---1171
25541	25541	25545	25548	25553	25555	25556	25557	25559	25566		---1172
25569	25569	25573	25576	25581	25583	25584	25585	25587	25594		---1173
25597	25597	25601	25604	25609	25611	25612	25613	25615	25622		---1174
25625	25625	25629	25632	25637	25639	25640	25641	25643	25650		---1175
25653	25653	25657	25660	25665	25667	25668	25669	25671	25678		---1176
25681	25681	25685	25688	25693	25695	25696	25697	25699	25706		---1177
25709	25709	25713	25716	25721	25723	25724	25725	25727	25734		---1178
25737	25737	25741	25744	25749	25751	25752	25753	25755	25762		---1179
25765	25765	25769	25772	25777	25779	25780	25781	25783	25790		---1180
25793	25793	25797	25800	25805	25807	25808	25809	25811	25818		---1181
25821	25821	25825	25828	25833	25835	25836	25837	25839	25846		---1182
25849	25849	25853	25856	25861	25863	25864	25865	25867	25874		---1183
25877	25877	25881	25884	25889	25891	25892	25893	25895	25902		---1184
25905	25905	25909	25912	25917	25919	25920	25921	25923	25930		---1185
25933	25933	25937	25940	25945	25947	25948	25949	25951	25958		---1186
25961	25961	25965	25968	25973	25975	25976	25977	25979	25986		---1187
25989	25989	25993	25996	26001	26003	26004	26005	26007	26014		---1188
26017	26017	26021	26024	26029	26031	26032	26033	26035	26042		---1189
26045	26045	26049	26052	26057	26059	26060	26061	26063	26070		---1190
26073	26073	26077	26080	26085	26087	26088	26089	26091	26098		---1191
26101	26101	26105	26108	26113	26115	26116	26117	26119	26126		---1192
26129	26129	26133	26136	26141	26143	26144	26145	26147	26154		---1193
26157	26157	26161	26164	26169	26171	26172	26173	26175	26182		---1194
26185	26185	26189	26192	26197	26199	26200	26201	26203	26210		---1195
26213	26213	26217	26220	26225	26227	26228	26229	26231	26238		---1196
26241	26241	26245	26248	26253	26255	26256	26257	26259	26266		---1197
26269	26269	26273	26276	26281	26283	26284	26285	26287	26294		---1198
26297	26297	26301	26304	26309	26311	26312	26313	26315	26322		---1199
26325	26325	26329	26332	26337	26339	26340	26341	26343	26350		---1200
26353	26353	26357	26360	26365	26367	26368	26369	26371	26378		---1201
26381	26381	26385	26388	26393	26395	26396	26397	26399	26406		---1202
26409	26409	26413	26416	26421	26423	26424	26425	26427	26434		---1203
26437	26437	26441	26444	26449	26451	26452	26453	26455	26462		---1204
26465	26465	26469	26472	26477	26479	26480	26481	26483	26490		---1205
26493	26493	26497	26500	26505	26507	26508	26509	26511	26518		---1206
26521	26521	26525	26528	26533	26535	26536	26537	26539	26546		---1207
26549	26549	26553	26556	26561	26563	26564	26565	26567	26574		---1208
26577	26577	26581	26584	26589	26591	26592	26593	26595	26602		---1209
26605	26605	26609	26612	26617	26619	26620	26621	26623	26630		---1210
26633	26633	26637	26640	26645	26647	26648	26649	26651	26658		---1211
26661	26661	26665	26668	26673	26675	26676	26677	26679	26686		---1212
26689	26689	26693	26696	26701	26703	26704	26705	26707	26714		---1213
26717	26717	26721	26724	26729	26731	26732	26733	26735	26742		---1214
26745	26745	26749	26752	26757	26759	26760	26761	26763	26770		---1215
26773	26773	26777	26780	26785	26787	26788	26789	26791	26798		---1216
26801	26801	26805	26808	26813	26815	26816	26817	26819	26826		---1217
26829	26829	26833	26836	26841	26843	26844	26845	26847	26854		---1218
26857	26857	26861	26864	26869	26871	26872	26873	26875	26882		---1219
26885	26885	26889	26892	26897	26899	26900	26901	26903	26910		---1220
26913	26913	26917	26920	26925	26927	26928	26929	26931	26938		---1221
26941	26941	26945	26948	26953	26955	26956	26957	26959	26966		---1222
26969	26969	26973	26976	26981	26983	26984	26985	26987	26994		---1223
26997	26997	27001	27004	27009	27011	27012	27013	27015	27022		---1224
27025	27025	27029	27032	27037	27039	27040	27041	27043	27050		---1225
27053	27053	27057	27060	27065	27067	27068	27069	27071	27078		---1226
27081	27081	27085	27088	27093	27095	27096	27097	27099	27106		---1227
27109	27109	27113	27116	27121	27123	27124	27125	27127	27134		---1228
27137	27137	27141	27144	27149	27151	27152	27153	27155	27162		---1229
27165	27165	27169	27172	27177	27179	27180	27181	27183	27190		---1230
27193	27193	27197	27200	27205	27207	27208	27209	27211	27218		---1231
27221	27221	27225	27228	27233	27235	27236	27237	27239	27246		---1232
27249	27249	27253	27256	27261	27263	27264	27265	27267	27274		---1233
27277	27277	27281	27284	27289	27291	27292	27293	27295	27302		---1234
27305	27305	27309	27312	27317	27319	27320	27321	27323	27330		---1235
27333	27333	27337	27340	27345	27347	27348	27349	27351	27358		---1236
27361	27361	27365	27368	27373	27375	27376	27377	27379	27386		---1237
27389	27389	27393	27396	27401	27403	27404	27405	27407	27414		---1238
27417	27417	27421	27424	27429	27431	27432	27433	27435	27442		---1239
27445	27445	27449	27452	27457	27459	27460	27461	27463	27470		---1240
27473	27473	27477	27480	27485	27487	27488	27489	27491	27498		---1241
27501	27501	27505	27508	27513	27515	27516	27517	27519	27526		---1242
27529	27529	27533	27536	27541	27543	27544	27545	27547	27554		---1243
27557	27557	27561	27564	27569	27571	27572	27573	27575	27582		---1244
27585	27585	27589	27592	27597	27599	27600	27601	27603	27610		---1245
27613	27613	27617	27620	27625	27627	27628	27629	27631	27638		---1246
27641	27641	27645	27648	27653	27655	27656	27657	27659	27666		---1247
27669	27669	27673	27676	27681	27683	27684	27685	27687	27694		---1248
27697	27697	27701	27704	27709	27711	27712	27713	27715	27722		---1249
27725	27725	27729	27732	27737	27739	27740	27741	27743	27750		---1250
27753	27753	27757	27760	27765	27767	27768	27769	27771	27778		---1251
27781	27781	27785	27788	27793	27795	27796	27797	27799	27806		---1252
27809	27809	27813	27816	27821	27823	27824	27825	27827	27834		---1253
27837	27837	27841	27844	27849	27851	27852	27853	27855	27862		---1254
27865	27865	27869	27872	27877	27879	27880	27881	27883	27890		---1255
27893	27893	27897	27900	27905	27907	27908	27909	27911	27918		---1256
27921	27921	27925	27928	27933	27935	27936	27937	27939	27946		---1257
27949	27949	27953	27956	27961	27963	27964	27965	27967	27974		---1258
27977	27977	27981	27984	27989	27991	27992	27993	27995	28002		---1259
28005	28005	28009	28012	28017	28019	28020	28021	28023	28030		---1260
28033	28033	28037	28040	28045	28047	28048	28049	28051	28058		---1261
28061	28061	28065	28068	28073	28075	28076	28077	28079	28086		---1262
28089	28089	28093	28096	28101	28103	28104	28105	28107	28114		---1263
28117	28117	28121	28124	28129	28131	28132	28133	28135	28142		---1264
28145	28145	28149	28152	28157	28159	28160	28161	28163	28170		---1265
28173	28173	28177	28180	28185	28187	28188	28189	28191	28198		---1266
28201	28201	28205	28208	28213	28215	28216	28217	28219	28226		---1267
28229	28229	28233	28236	28241	28243	28244	28245	28247	28254		---1268
28257	28257	28261	28264	28269	28271	28272	28273	28275	28282		---1269
28285	28285	28289	28292	28297	28299	28300	28301	28303	28310		---1270
28313	28313	28317	28320	28325	28327	28328	28329	28331	28338		---1271
28341	28341	28345	28348	28353	28355	28356	28357	28359	28366		---1272
28369	28369	28373	28376	28381	28383	28384	28385	28387	28394		---1273
28397	28397	28401	28404	28409	28411	28412	28413	28415	28422		---1274
28425	28425	28429	28432	28437	28439	28440	28441	28443	28450		---1275
28453	28453	28457	28460	28465	28467	28468	28469	28471	28478		---1276
28481	28481	28485	28488	28493	28495	28496	28497	28499	28506		---1277
28509	28509	28513	28516	28521	28523	28524	28525	28527	28534		---1278
28537	28537	28541	28544	28549	28551	28552	28553	28555	28562		---1279
28565	28565	28569	28572	28577	28579	28580	28581	28583	28590		---1280
28593	28593	28597	28600	28605	28607	28608	28609	28611	28618		---1281
28621	28621	28625	28628	28633	28635	28636	28637	28639	28646		---1282
28649	28649	28653	28656	28661	28663	28664	28665	28667	28674		---1283
28677	28677	28681	28684	28689	28691	28692	28693	28695	28702		---1284
28705	28705	28709	28712	28717	28719	28720	28721	28723	28730		---1285
28733	28733	28737	28740	28745	28747	28748	28749	28751	28758		---1286
28761	28761	28765	28768	28773	28775	28776	28777	28779	28786		---1287
28789	28789	28793	28796	28801	28803	28804	28805	28807	28814		---1288
28817	28817	28821	28824	28829	28831	28832	28833	28835	28842		---1289
28845	28845	28849	28852	28857	28859	28860	28861	28863	28870		---1290
28873	28873	28877	28880	28885	28887	28888	28889	28891	28898		---1291
28901	28901	28905	28908	28913	28915	28916	28917	28919	28926		---1292
28929	28929	28933	28936	28941	28943	28944	28945	28947	28954		---1293
28957	28957	28961	28964	28969	28971	28972	28973	28975	28982		---1294
28985	28985	28989	28992	28997	28999	29000	29001	29003	29010		---1295
29013	29013	29017	29020	29025	29027	29028	29029	29031	29038		---1296
29041	29041	29045	29048	29053	29055	29056	29057	29059	29066		---1297
29069	29069	29073	29076	29081	29083	29084	29085	29087	29094		---1298
29097	29097	29101	29104	29109	29111	29112	29113	29115	29122		---1299
29125	29125	29129	29132	29137	29139	29140	29141	29143	29150		---1300
29153	29153	29157	29160	29165	29167	29168	29169	29171	29178		---1301
29181	29181	29185	29188	29193	29195	29196	29197	29199	29206		---1302
29209	29209	29213	29216	29221	29223	29224	29225	29227	29234		---1303
29237	29237	29241	29244	29249	29251	29252	29253	29255	29262		---1304
29265	29265	29269	29272	29277	29279	29280	29281	29283	29290		---1305
29293	29293	29297	29300	29305	29307	29308	29309	29311	29318		---1306
29321	29321	29325	29328	29333	29335	29336	29337	29339	29346		---1307
29349	29349	29353	29356	29361	29363	29364	29365	29367	29374		---1308
29377	29377	29381	29384	29389	29391	29392	29393	29395	29402		---1309
29405	29405	29409	29412	29417	29419	29420	29421	29423	29430		---1310
29433	29433	29437	29440	29445	29447	29448	29449	29451	29458		---1311
29461	29461	29465	29468	29473	29475	29476	29477	29479	29486		---1312
29489	29489	29493	29496	29501	29503	29504	29505	29507	29514		---1313
29517	29517	29521	29524	29529	29531	29532	29533	29535	29542		---1314
29545	29545	29549	29552	29557	29559	29560	29561	29563	29570		---1315
29573	29573	29577	29580	29585	29587	29588	29589	29591	29598		---1316
29601	29601	29605	29608	29613	29615	29616	29617	29619	29626		---1317
29629	29629	29633	29636	29641	29643	29644	29645	29647	29654		---1318
29657	29657	29661	29664	29669	29671	29672	29673	29675	29682		---1319
29685	29685	29689	29692	29697	29699	29700	29701	29703	29710		---1320
29713	29713	29717	29720	29725	29727	29728	29729	29731	29738		---1321
29741	29741	29745	29748	29753	29755	29756	29757	29759	29766		---1322
29769	29769	29773	29776	29781	29783	29784	29785	29787	29794		---1323
29797	29797	29801	29804	29809	29811	29812	29813	29815	29822		---1324
29825	29825	29829	29832	29837	29839	29840	29841	29843	29850		---1325
29853	29853	29857	29860	29865	29867	29868	29869	29871	29878		---1326
29881	29881	29885	29888	29893	29895	29896	29897	29899	29906		---1327
29909	29909	29913	29916	29921	29923	29924	29925	29927	29934		---1328
29937	29937	29941	29944	29949	29951	29952	29953	29955	29962		---1329
29965	29965	29969	29972	29977	29979	29980	29981	29983	29990		---1330
29993	29993	29997	30000	30005	30007	30008	30009	30011	30018		---1331
30021	30021	30025	30028	30033	30035	30036	30037	30039	30046		---1332
30049	30049	30053	30056	30061	30063	30064	30065	30067	30074		---1333
30077	30077	30081	30084	30089	30091	30092	30093	30095	30102		---1334
30105	30105	30109	30112	30117	30119	30120	30121	30123	30130		---1335
30133	30133	30137	30140	30145	30147	30148	30149	30151	30158		---1336
30161	30161	30165	30168	30173	30175	30176	30177	30179	30186		---1337
30189	30189	30193	30196	30201	30203	30204	30205	30207	30214		---1338
30217	30217	30221	30224	30229	30231	30232	30233	30235	30242		---1339
30245	30245	30249	30252	30257	30259	30260	30261	30263	30270		---1340
30273	30273	30277	30280	30285	30287	30288	30289	30291	30298		---1341
30301	30301	30305	30308	30313	30315	30316	30317	30319	30326		---1342
30329	30329	30333	30336	30341	30343	30344	30345	30347	30354		---1343
30357	30357	30361	30364	30369	30371	30372	30373	30375	30382		---1344
30385	30385	30389	30392	30397	30399	30400	30401	30403	30410		---1345
30413	30413	30417	30420	30425	30427	30428	30429	30431	30438		---1346
30441	30441	30445	30448	30453	30455	30456	30457	30459	30466		---1347
30469	30469	30473	30476	30481	30483	30484	30485	30487	30494		---1348
30497	30497	30501	30504	30509	30511	30512	30513	30515	30522		---1349
30525	30525	30529	30532	30537	30539	30540	30541	30543	30550		---1350
30553	30553	30557	30560	30565	30567	30568	30569	30571	30578		---1351
30581	30581	30585	30588	30593	30595	30596	30597	30599	30606		---1352
30609	30609	30613	30616	30621	30623	30624	30625	30627	30634		---1353
30637	30637	30641	30644	30649	30651	30652	30653	30655	30662		---1354
30665	30665	30669	30672	30677	30679	30680	30681	30683	30690		---1355
30693	30693	30697	30700	30705	30707	30708	30709	30711	30718		---1356
30721	30721	30725	30728	30733	30735	30736	30737	30739	30746		---1357
30749	30749	30753	30756	30761	30763	30764	30765	30767	30774		---1358
30777	30777	30781	30784	30789	30791	30792	30793	30795	30802		---1359
30805	30805	30809	30812	30817	30819	30820	30821	30823	30830		---1360
30833	30833	30837	30840	30845	30847	30848	30849	30851	30858		---1361
30861	30861	30865	30868	30873	30875	30876	30877	30879	30886		---1362
30889	30889	30893	30896	30901	30903	30904	30905	30907	30914		---1363
30917	30917	30921	30924	30929	30931	30932	30933	30935	30942		---1364
30945	30945	30949	30952	30957	30959	30960	30961	30963	30970		---1365
30973	30973	30977	30980	30985	30987	30988	30989	30991	30998		---1366
31001	31001	31005	31008	31013	31015	31016	31017	31019	31026		---1367
31029	31029	31033	31036	31041	31043	31044	31045	31047	31054		---1368
31057	31057	31061	31064	31069	31071	31072	31073	31075	31082		---1369
31085	31085	31089	31092	31097	31099	31100	31101	31103	31110		---1370
31113	31113	31117	31120	31125	31127	31128	31129	31131	31138		---1371
31141	31141	31145	31148	31153	31155	31156	31157	31159	31166		---1372
31169	31169	31173	31176	31181	31183	31184	31185	31187	31194		---1373
31197	31197	31201	31204	31209	31211	31212	31213	31215	31222		---1374
31225	31225	31229	31232	31237	31239	31240	31241	31243	31250		---1375
31253	31253	31257	31260	31265	31267	31268	31269	31271	31278		---1376
31281	31281	31285	31288	31293	31295	31296	31297	31299	31306		---1377
31309	31309	31313	31316	31321	31323	31324	31325	31327	31334		---1378
31337	31337	31341	31344	31349	31351	31352	31353	31355	31362		---1379
31365	31365	31369	31372	31377	31379	31380	31381	31383	31390		---1380
31393	31393	31397	31400	31405	31407	31408	31409	31411	31418		---1381
31421	31421	31425	31428	31433	31435	31436	31437	31439	31446		---1382
31449	31449	31453	31456	31461	31463	31464	31465	31467	31474		---1383
31477	31477	31481	31484	31489	31491	31492	31493	31495	31502		---1384
31505	31505	31509	31512	31517	31519	31520	31521	31523	31530		---1385
31533	31533	31537	31540	31545	31547	31548	31549	31551	31558		---1386
31561	31561	31565	31568	31573	31575	31576	31577	31579	31586		---1387
31589	31589	31593	31596	31601	31603	31604	31605	31607	31614		---1388
31617	31617	31621	31624	31629	31631	31632	31633	31635	31642		---1389
31645	31645	31649	31652	31657	31659	31660	31661	31663	31670		---1390
31673	31673	31677	31680	31685	31687	31688	31689	31691	31698		---1391
31701	31701	31705	31708	31713	31715	31716	31717	31719	31726		---1392
31729	31729	31733	31736	31741	31743	31744	31745	31747	31754		---1393
31757	31757	31761	31764	31769	31771	31772	31773	31775	31782		---1394
31785	31785	31789	31792	31797	31799	31800	31801	31803	31810		---1395
31813	31813	31817	31820	31825	31827	31828	31829	31831	31838		---1396
31841	31841	31845	31848	31853	31855	31856	31857	31859	31866		---1397
31869	31869	31873	31876	31881	31883	31884	31885	31887	31894		---1398
31897	31897	31901	31904	31909	31911	31912	31913	31915	31922		---1399
31925	31925	31929	31932	31937	31939	31940	31941	31943	31950		---1400
31953	31953	31957	31960	31965	31967	31968	31969	31971	31978		---1401
31981	31981	31985	31988	31993	31995	31996	31997	31999	32006		---1402
32009	32009	32013	32016	32021	32023	32024	32025	32027	32034		---1403
32037	32037	32041	32044	32049	32051	32052	32053	32055	32062		---1404
32065	32065	32069	32072	32077	32079	32080	32081	32083	32090		---1405
32093	32093	32097	32100	32105	32107	32108	32109	32111	32118		---1406
32121	32121	32125	32128	32133	32135	32136	32137	32139	32146		---1407
32149	32149	32153	32156	32161	32163	32164	32165	32167	32174		---1408
32177	32177	32181	32184	32189	32191	32192	32193	32195	32202		---1409
32205	32205	32209	32212	32217	32219	32220	32221	32223	32230		---1410
32233	32233	32237	32240	32245	32247	32248	32249	32251	32258		---1411
32261	32261	32265	32268	32273	32275	32276	32277	32279	32286		---1412
32289	32289	32293	32296	32301	32303	32304	32305	32307	32314		---1413
32317	32317	32321	32324	32329	32331	32332	32333	32335	32342		---1414
32345	32345	32349	32352	32357	32359	32360	32361	32363	32370		---1415
32373	32373	32377	32380	32385	32387	32388	32389	32391	32398		---1416
32401	32401	32405	32408	32413	32415	32416	32417	32419	32426		---1417
32429	32429	32433	32436	32441	32443	32444	32445	32447	32454		---1418
32457	32457	32461	32464	32469	32471	32472	32473	32475	32482		---1419
32485	32485	32489	32492	32497	32499	32500	32501	32503	32510		---1420
32513	32513	32517	32520	32525	32527	32528	32529	32531	32538		---1421
32541	32541	32545	32548	32553	32555	32556	32557	32559	32566		---1422
32569	32569	32573	32576	32581	32583	32584	32585	32587	32594		---1423
32597	32597	32601	32604	32609	32611	32612	32613	32615	32622		---1424
32625	32625	32629	32632	32637	32639	32640	32641	32643	32650		---1425
