0	0	0	0	0	0	0	0	0	0		--1
0	0	0	0	0	0	0	0	0	0		--2
0	0	0	0	0	0	0	0	0	0		--3
0	0	0	0	0	0	0	0	0	0		--4
0	0	0	0	0	0	0	0	0	0		--5
0	0	0	0	0	0	0	0	0	0		--6
0	0	0	0	0	0	0	0	0	0		--7
0	0	0	0	0	0	0	0	0	0		--8
0	0	0	0	0	0	0	0	0	0		--9
0	0	0	0	0	0	0	0	0	0		--10
0	0	0	0	0	0	0	0	0	0		--11
0	0	0	0	0	0	0	0	0	0		--12
0	0	0	0	0	1	1	1	1	1		--13
1	1	1	1	1	1	1	1	1	1		--14
1	1	1	1	1	1	1	1	1	1		--15
1	1	1	1	1	1	1	1	1	1		--16
1	1	1	1	1	1	1	1	1	1		--17
1	1	1	1	1	1	1	1	1	1		--18
1	1	1	1	1	1	1	1	1	1		--19
1	1	1	1	1	1	1	1	1	1		--20
1	1	1	1	1	1	1	1	1	1		--21
1	1	1	1	1	1	1	1	1	1		--22
1	1	1	1	1	1	1	1	1	1		--23
1	1	1	1	1	1	1	1	1	1		--24
1	1	1	1	1	1	1	1	1	1		--25
1	2	2	2	2	2	2	2	2	2		--26
2	2	2	2	2	2	2	2	2	2		--27
2	2	2	2	2	2	2	2	2	2		--28
2	2	2	2	2	2	2	2	2	2		--29
2	2	2	2	2	2	2	2	2	2		--30
2	2	2	2	2	2	2	2	2	2		--31
2	2	2	2	2	2	2	2	2	2		--32
2	2	2	2	2	2	2	2	2	2		--33
2	2	2	2	2	2	2	2	2	2		--34
2	2	2	2	2	2	2	2	2	2		--35
2	2	2	2	2	2	2	2	2	2		--36
2	2	2	2	2	2	2	2	2	2		--37
2	2	2	2	2	2	3	3	3	3		--38
3	3	3	3	3	3	3	3	3	3		--39
3	3	3	3	3	3	3	3	3	3		--40
3	3	3	3	3	3	3	3	3	3		--41
3	3	3	3	3	3	3	3	3	3		--42
3	3	3	3	3	3	3	3	3	3		--43
3	3	3	3	3	3	3	3	3	3		--44
3	3	3	3	3	3	3	3	3	3		--45
3	3	3	3	3	3	3	3	3	3		--46
3	3	3	3	3	3	3	3	3	3		--47
3	3	3	3	3	3	3	3	3	3		--48
3	3	3	3	3	3	3	3	3	3		--49
3	3	3	3	3	3	3	3	3	3		--50
3	4	4	4	4	4	4	4	4	4		--51
4	4	4	4	4	4	4	4	4	4		--52
4	4	4	4	4	4	4	4	4	4		--53
4	4	4	4	4	4	4	4	4	4		--54
4	4	4	4	4	4	4	4	4	4		--55
4	4	4	4	4	4	4	4	4	4		--56
4	4	4	4	4	4	4	4	4	4		--57
4	4	4	4	4	4	4	4	4	4		--58
4	4	4	4	4	4	4	4	4	4		--59
4	4	4	4	4	4	4	4	4	4		--60
4	4	4	4	4	4	4	4	4	4		--61
4	4	4	4	4	4	4	4	4	4		--62
4	4	4	4	4	4	4	5	5	5		--63
5	5	5	5	5	5	5	5	5	5		--64
5	5	5	5	5	5	5	5	5	5		--65
5	5	5	5	5	5	5	5	5	5		--66
5	5	5	5	5	5	5	5	5	5		--67
5	5	5	5	5	5	5	5	5	5		--68
5	5	5	5	5	5	5	5	5	5		--69
5	5	5	5	5	5	5	5	5	5		--70
5	5	5	5	5	5	5	5	5	5		--71
5	5	5	5	5	5	5	5	5	5		--72
5	5	5	5	5	5	5	5	5	5		--73
5	5	5	5	5	5	5	5	5	5		--74
5	5	5	5	5	5	5	5	5	5		--75
5	5	6	6	6	6	6	6	6	6		--76
6	6	6	6	6	6	6	6	6	6		--77
6	6	6	6	6	6	6	6	6	6		--78
6	6	6	6	6	6	6	6	6	6		--79
6	6	6	6	6	6	6	6	6	6		--80
6	6	6	6	6	6	6	6	6	6		--81
6	6	6	6	6	6	6	6	6	6		--82
6	6	6	6	6	6	6	6	6	6		--83
6	6	6	6	6	6	6	6	6	6		--84
6	6	6	6	6	6	6	6	6	6		--85
6	6	6	6	6	6	6	6	6	6		--86
6	6	6	6	6	6	6	6	6	6		--87
6	6	6	6	6	6	6	6	6	7		--88
7	7	7	7	7	7	7	7	7	7		--89
7	7	7	7	7	7	7	7	7	7		--90
7	7	7	7	7	7	7	7	7	7		--91
7	7	7	7	7	7	7	7	7	7		--92
7	7	7	7	7	7	7	7	7	7		--93
7	7	7	7	7	7	7	7	7	7		--94
7	7	7	7	7	7	7	7	7	7		--95
7	7	7	7	7	7	7	7	7	7		--96
7	7	7	7	7	7	7	7	7	7		--97
7	7	7	7	7	7	7	7	7	7		--98
7	7	7	7	7	7	7	7	7	7		--99
7	7	7	7	7	7	7	7	7	7		--100
7	7	7	7	8	8	8	8	8	8		--101
8	8	8	8	8	8	8	8	8	8		--102
8	8	8	8	8	8	8	8	8	8		--103
8	8	8	8	8	8	8	8	8	8		--104
8	8	8	8	8	8	8	8	8	8		--105
8	8	8	8	8	8	8	8	8	8		--106
8	8	8	8	8	8	8	8	8	8		--107
8	8	8	8	8	8	8	8	8	8		--108
8	8	8	8	8	8	8	8	8	8		--109
8	8	8	8	8	8	8	8	8	8		--110
8	8	8	8	8	8	8	8	8	8		--111
8	8	8	8	8	8	8	8	8	8		--112
8	8	8	8	8	8	8	8	8	8		--113
9	9	9	9	9	9	9	9	9	9		--114
9	9	9	9	9	9	9	9	9	9		--115
9	9	9	9	9	9	9	9	9	9		--116
9	9	9	9	9	9	9	9	9	9		--117
9	9	9	9	9	9	9	9	9	9		--118
9	9	9	9	9	9	9	9	9	9		--119
9	9	9	9	9	9	9	9	9	9		--120
9	9	9	9	9	9	9	9	9	9		--121
9	9	9	9	9	9	9	9	9	9		--122
9	9	9	9	9	9	9	9	9	9		--123
9	9	9	9	9	9	9	9	9	9		--124
9	9	9	9	9	9	9	9	9	9		--125
9	9	9	9	9	10	10	10	10	10		--126
10	10	10	10	10	10	10	10	10	10		--127
10	10	10	10	10	10	10	10	10	10		--128
10	10	10	10	10	10	10	10	10	10		--129
10	10	10	10	10	10	10	10	10	10		--130
10	10	10	10	10	10	10	10	10	10		--131
10	10	10	10	10	10	10	10	10	10		--132
10	10	10	10	10	10	10	10	10	10		--133
10	10	10	10	10	10	10	10	10	10		--134
10	10	10	10	10	10	10	10	10	10		--135
10	10	10	10	10	10	10	10	10	10		--136
10	10	10	10	10	10	10	10	10	10		--137
10	10	10	10	10	10	10	10	10	10		--138
11	11	11	11	11	11	11	11	11	11		--139
11	11	11	11	11	11	11	11	11	11		--140
11	11	11	11	11	11	11	11	11	11		--141
11	11	11	11	11	11	11	11	11	11		--142
11	11	11	11	11	11	11	11	11	11		--143
11	11	11	11	11	11	11	11	11	11		--144
11	11	11	11	11	11	11	11	11	11		--145
11	11	11	11	11	11	11	11	11	11		--146
11	11	11	11	11	11	11	11	11	11		--147
11	11	11	11	11	11	11	11	11	11		--148
11	11	11	11	11	11	11	11	11	11		--149
11	11	11	11	11	11	11	11	11	11		--150
11	11	11	11	11	12	12	12	12	12		--151
12	12	12	12	12	12	12	12	12	12		--152
12	12	12	12	12	12	12	12	12	12		--153
12	12	12	12	12	12	12	12	12	12		--154
12	12	12	12	12	12	12	12	12	12		--155
12	12	12	12	12	12	12	12	12	12		--156
12	12	12	12	12	12	12	12	12	12		--157
12	12	12	12	12	12	12	12	12	12		--158
12	12	12	12	12	12	12	12	12	12		--159
12	12	12	12	12	12	12	12	12	12		--160
12	12	12	12	12	12	12	12	12	12		--161
12	12	12	12	12	12	12	12	12	12		--162
12	12	12	12	12	12	12	12	12	12		--163
13	13	13	13	13	13	13	13	13	13		--164
13	13	13	13	13	13	13	13	13	13		--165
13	13	13	13	13	13	13	13	13	13		--166
13	13	13	13	13	13	13	13	13	13		--167
13	13	13	13	13	13	13	13	13	13		--168
13	13	13	13	13	13	13	13	13	13		--169
13	13	13	13	13	13	13	13	13	13		--170
13	13	13	13	13	13	13	13	13	13		--171
13	13	13	13	13	13	13	13	13	13		--172
13	13	13	13	13	13	13	13	13	13		--173
13	13	13	13	13	13	13	13	13	13		--174
13	13	13	13	13	13	13	13	13	13		--175
13	13	13	13	13	13	14	14	14	14		--176
14	14	14	14	14	14	14	14	14	14		--177
14	14	14	14	14	14	14	14	14	14		--178
14	14	14	14	14	14	14	14	14	14		--179
14	14	14	14	14	14	14	14	14	14		--180
14	14	14	14	14	14	14	14	14	14		--181
14	14	14	14	14	14	14	14	14	14		--182
14	14	14	14	14	14	14	14	14	14		--183
14	14	14	14	14	14	14	14	14	14		--184
14	14	14	14	14	14	14	14	14	14		--185
14	14	14	14	14	14	14	14	14	14		--186
14	14	14	14	14	14	14	14	14	14		--187
14	14	14	14	14	14	14	14	14	14		--188
14	15	15	15	15	15	15	15	15	15		--189
15	15	15	15	15	15	15	15	15	15		--190
15	15	15	15	15	15	15	15	15	15		--191
15	15	15	15	15	15	15	15	15	15		--192
15	15	15	15	15	15	15	15	15	15		--193
15	15	15	15	15	15	15	15	15	15		--194
15	15	15	15	15	15	15	15	15	15		--195
15	15	15	15	15	15	15	15	15	15		--196
15	15	15	15	15	15	15	15	15	15		--197
15	15	15	15	15	15	15	15	15	15		--198
15	15	15	15	15	15	15	15	15	15		--199
15	15	15	15	15	15	15	15	15	15		--200
15	15	15	15	15	15	15	15	16	16		--201
16	16	16	16	16	16	16	16	16	16		--202
16	16	16	16	16	16	16	16	16	16		--203
16	16	16	16	16	16	16	16	16	16		--204
16	16	16	16	16	16	16	16	16	16		--205
16	16	16	16	16	16	16	16	16	16		--206
16	16	16	16	16	16	16	16	16	16		--207
16	16	16	16	16	16	16	16	16	16		--208
16	16	16	16	16	16	16	16	16	16		--209
16	16	16	16	16	16	16	16	16	16		--210
16	16	16	16	16	16	16	16	16	16		--211
16	16	16	16	16	16	16	16	16	16		--212
16	16	16	16	16	16	16	16	16	16		--213
16	16	16	17	17	17	17	17	17	17		--214
17	17	17	17	17	17	17	17	17	17		--215
17	17	17	17	17	17	17	17	17	17		--216
17	17	17	17	17	17	17	17	17	17		--217
17	17	17	17	17	17	17	17	17	17		--218
17	17	17	17	17	17	17	17	17	17		--219
17	17	17	17	17	17	17	17	17	17		--220
17	17	17	17	17	17	17	17	17	17		--221
17	17	17	17	17	17	17	17	17	17		--222
17	17	17	17	17	17	17	17	17	17		--223
17	17	17	17	17	17	17	17	17	17		--224
17	17	17	17	17	17	17	17	17	17		--225
17	17	17	17	17	17	17	17	17	18		--226
18	18	18	18	18	18	18	18	18	18		--227
18	18	18	18	18	18	18	18	18	18		--228
18	18	18	18	18	18	18	18	18	18		--229
18	18	18	18	18	18	18	18	18	18		--230
18	18	18	18	18	18	18	18	18	18		--231
18	18	18	18	18	18	18	18	18	18		--232
18	18	18	18	18	18	18	18	18	18		--233
18	18	18	18	18	18	18	18	18	18		--234
18	18	18	18	18	18	18	18	18	18		--235
18	18	18	18	18	18	18	18	18	18		--236
18	18	18	18	18	18	18	18	18	18		--237
18	18	18	18	18	18	18	18	18	18		--238
18	18	18	18	19	19	19	19	19	19		--239
19	19	19	19	19	19	19	19	19	19		--240
19	19	19	19	19	19	19	19	19	19		--241
19	19	19	19	19	19	19	19	19	19		--242
19	19	19	19	19	19	19	19	19	19		--243
19	19	19	19	19	19	19	19	19	19		--244
19	19	19	19	19	19	19	19	19	19		--245
19	19	19	19	19	19	19	19	19	19		--246
19	19	19	19	19	19	19	19	19	19		--247
19	19	19	19	19	19	19	19	19	19		--248
19	19	19	19	19	19	19	19	19	19		--249
19	19	19	19	19	19	19	19	19	19		--250
19	19	19	19	19	19	19	19	19	20		--251
20	20	20	20	20	20	20	20	20	20		--252
20	20	20	20	20	20	20	20	20	20		--253
20	20	20	20	20	20	20	20	20	20		--254
20	20	20	20	20	20	20	20	20	20		--255
20	20	20	20	20	20	20	20	20	20		--256
20	20	20	20	20	20	20	20	20	20		--257
20	20	20	20	20	20	20	20	20	20		--258
20	20	20	20	20	20	20	20	20	20		--259
20	20	20	20	20	20	20	20	20	20		--260
20	20	20	20	20	20	20	20	20	20		--261
20	20	20	20	20	20	20	20	20	20		--262
20	20	20	20	20	20	20	20	20	20		--263
20	20	20	20	20	21	21	21	21	21		--264
21	21	21	21	21	21	21	21	21	21		--265
21	21	21	21	21	21	21	21	21	21		--266
21	21	21	21	21	21	21	21	21	21		--267
21	21	21	21	21	21	21	21	21	21		--268
21	21	21	21	21	21	21	21	21	21		--269
21	21	21	21	21	21	21	21	21	21		--270
21	21	21	21	21	21	21	21	21	21		--271
21	21	21	21	21	21	21	21	21	21		--272
21	21	21	21	21	21	21	21	21	21		--273
21	21	21	21	21	21	21	21	21	21		--274
21	21	21	21	21	21	21	21	21	21		--275
21	21	21	21	21	21	21	21	21	21		--276
22	22	22	22	22	22	22	22	22	22		--277
22	22	22	22	22	22	22	22	22	22		--278
22	22	22	22	22	22	22	22	22	22		--279
22	22	22	22	22	22	22	22	22	22		--280
22	22	22	22	22	22	22	22	22	22		--281
22	22	22	22	22	22	22	22	22	22		--282
22	22	22	22	22	22	22	22	22	22		--283
22	22	22	22	22	22	22	22	22	22		--284
22	22	22	22	22	22	22	22	22	22		--285
22	22	22	22	22	22	22	22	22	22		--286
22	22	22	22	22	22	22	22	22	22		--287
22	22	22	22	22	22	22	22	22	22		--288
22	22	22	22	22	22	23	23	23	23		--289
23	23	23	23	23	23	23	23	23	23		--290
23	23	23	23	23	23	23	23	23	23		--291
23	23	23	23	23	23	23	23	23	23		--292
23	23	23	23	23	23	23	23	23	23		--293
23	23	23	23	23	23	23	23	23	23		--294
23	23	23	23	23	23	23	23	23	23		--295
23	23	23	23	23	23	23	23	23	23		--296
23	23	23	23	23	23	23	23	23	23		--297
23	23	23	23	23	23	23	23	23	23		--298
23	23	23	23	23	23	23	23	23	23		--299
23	23	23	23	23	23	23	23	23	23		--300
23	23	23	23	23	23	23	23	23	23		--301
23	24	24	24	24	24	24	24	24	24		--302
24	24	24	24	24	24	24	24	24	24		--303
24	24	24	24	24	24	24	24	24	24		--304
24	24	24	24	24	24	24	24	24	24		--305
24	24	24	24	24	24	24	24	24	24		--306
24	24	24	24	24	24	24	24	24	24		--307
24	24	24	24	24	24	24	24	24	24		--308
24	24	24	24	24	24	24	24	24	24		--309
24	24	24	24	24	24	24	24	24	24		--310
24	24	24	24	24	24	24	24	24	24		--311
24	24	24	24	24	24	24	24	24	24		--312
24	24	24	24	24	24	24	24	24	24		--313
24	24	24	24	24	24	24	24	25	25		--314
25	25	25	25	25	25	25	25	25	25		--315
25	25	25	25	25	25	25	25	25	25		--316
25	25	25	25	25	25	25	25	25	25		--317
25	25	25	25	25	25	25	25	25	25		--318
25	25	25	25	25	25	25	25	25	25		--319
25	25	25	25	25	25	25	25	25	25		--320
25	25	25	25	25	25	25	25	25	25		--321
25	25	25	25	25	25	25	25	25	25		--322
25	25	25	25	25	25	25	25	25	25		--323
25	25	25	25	25	25	25	25	25	25		--324
25	25	25	25	25	25	25	25	25	25		--325
25	25	25	25	25	25	25	25	25	25		--326
25	25	25	26	26	26	26	26	26	26		--327
26	26	26	26	26	26	26	26	26	26		--328
26	26	26	26	26	26	26	26	26	26		--329
26	26	26	26	26	26	26	26	26	26		--330
26	26	26	26	26	26	26	26	26	26		--331
26	26	26	26	26	26	26	26	26	26		--332
26	26	26	26	26	26	26	26	26	26		--333
26	26	26	26	26	26	26	26	26	26		--334
26	26	26	26	26	26	26	26	26	26		--335
26	26	26	26	26	26	26	26	26	26		--336
26	26	26	26	26	26	26	26	26	26		--337
26	26	26	26	26	26	26	26	26	26		--338
26	26	26	26	26	26	26	26	26	27		--339
27	27	27	27	27	27	27	27	27	27		--340
27	27	27	27	27	27	27	27	27	27		--341
27	27	27	27	27	27	27	27	27	27		--342
27	27	27	27	27	27	27	27	27	27		--343
27	27	27	27	27	27	27	27	27	27		--344
27	27	27	27	27	27	27	27	27	27		--345
27	27	27	27	27	27	27	27	27	27		--346
27	27	27	27	27	27	27	27	27	27		--347
27	27	27	27	27	27	27	27	27	27		--348
27	27	27	27	27	27	27	27	27	27		--349
27	27	27	27	27	27	27	27	27	27		--350
27	27	27	27	27	27	27	27	27	27		--351
27	27	27	27	28	28	28	28	28	28		--352
28	28	28	28	28	28	28	28	28	28		--353
28	28	28	28	28	28	28	28	28	28		--354
28	28	28	28	28	28	28	28	28	28		--355
28	28	28	28	28	28	28	28	28	28		--356
28	28	28	28	28	28	28	28	28	28		--357
28	28	28	28	28	28	28	28	28	28		--358
28	28	28	28	28	28	28	28	28	28		--359
28	28	28	28	28	28	28	28	28	28		--360
28	28	28	28	28	28	28	28	28	28		--361
28	28	28	28	28	28	28	28	28	28		--362
28	28	28	28	28	28	28	28	28	28		--363
28	28	28	28	28	28	28	28	28	29		--364
29	29	29	29	29	29	29	29	29	29		--365
29	29	29	29	29	29	29	29	29	29		--366
29	29	29	29	29	29	29	29	29	29		--367
29	29	29	29	29	29	29	29	29	29		--368
29	29	29	29	29	29	29	29	29	29		--369
29	29	29	29	29	29	29	29	29	29		--370
29	29	29	29	29	29	29	29	29	29		--371
29	29	29	29	29	29	29	29	29	29		--372
29	29	29	29	29	29	29	29	29	29		--373
29	29	29	29	29	29	29	29	29	29		--374
29	29	29	29	29	29	29	29	29	29		--375
29	29	29	29	29	29	29	29	29	29		--376
29	29	29	29	29	30	30	30	30	30		--377
30	30	30	30	30	30	30	30	30	30		--378
30	30	30	30	30	30	30	30	30	30		--379
30	30	30	30	30	30	30	30	30	30		--380
30	30	30	30	30	30	30	30	30	30		--381
30	30	30	30	30	30	30	30	30	30		--382
30	30	30	30	30	30	30	30	30	30		--383
30	30	30	30	30	30	30	30	30	30		--384
30	30	30	30	30	30	30	30	30	30		--385
30	30	30	30	30	30	30	30	30	30		--386
30	30	30	30	30	30	30	30	30	30		--387
30	30	30	30	30	30	30	30	30	30		--388
30	30	30	30	30	30	30	30	30	30		--389
31	31	31	31	31	31	31	31	31	31		--390
31	31	31	31	31	31	31	31	31	31		--391
31	31	31	31	31	31	31	31	31	31		--392
31	31	31	31	31	31	31	31	31	31		--393
31	31	31	31	31	31	31	31	31	31		--394
31	31	31	31	31	31	31	31	31	31		--395
31	31	31	31	31	31	31	31	31	31		--396
31	31	31	31	31	31	31	31	31	31		--397
31	31	31	31	31	31	31	31	31	31		--398
31	31	31	31	31	31	31	31	31	31		--399
31	31	31	31	31	31	31	31	31	31		--400
31	31	31	31	31	31	31	31	31	31		--401
31	31	31	31	31	31	32	32	32	32		--402
32	32	32	32	32	32	32	32	32	32		--403
32	32	32	32	32	32	32	32	32	32		--404
32	32	32	32	32	32	32	32	32	32		--405
32	32	32	32	32	32	32	32	32	32		--406
32	32	32	32	32	32	32	32	32	32		--407
32	32	32	32	32	32	32	32	32	32		--408
32	32	32	32	32	32	32	32	32	32		--409
32	32	32	32	32	32	32	32	32	32		--410
32	32	32	32	32	32	32	32	32	32		--411
32	32	32	32	32	32	32	32	32	32		--412
32	32	32	32	32	32	32	32	32	32		--413
32	32	32	32	32	32	32	32	32	32		--414
32	33	33	33	33	33	33	33	33	33		--415
33	33	33	33	33	33	33	33	33	33		--416
33	33	33	33	33	33	33	33	33	33		--417
33	33	33	33	33	33	33	33	33	33		--418
33	33	33	33	33	33	33	33	33	33		--419
33	33	33	33	33	33	33	33	33	33		--420
33	33	33	33	33	33	33	33	33	33		--421
33	33	33	33	33	33	33	33	33	33		--422
33	33	33	33	33	33	33	33	33	33		--423
33	33	33	33	33	33	33	33	33	33		--424
33	33	33	33	33	33	33	33	33	33		--425
33	33	33	33	33	33	33	33	33	33		--426
33	33	33	33	33	33	33	33	34	34		--427
34	34	34	34	34	34	34	34	34	34		--428
34	34	34	34	34	34	34	34	34	34		--429
34	34	34	34	34	34	34	34	34	34		--430
34	34	34	34	34	34	34	34	34	34		--431
34	34	34	34	34	34	34	34	34	34		--432
34	34	34	34	34	34	34	34	34	34		--433
34	34	34	34	34	34	34	34	34	34		--434
34	34	34	34	34	34	34	34	34	34		--435
34	34	34	34	34	34	34	34	34	34		--436
34	34	34	34	34	34	34	34	34	34		--437
34	34	34	34	34	34	34	34	34	34		--438
34	34	34	34	34	34	34	34	34	34		--439
34	34	34	35	35	35	35	35	35	35		--440
35	35	35	35	35	35	35	35	35	35		--441
35	35	35	35	35	35	35	35	35	35		--442
35	35	35	35	35	35	35	35	35	35		--443
35	35	35	35	35	35	35	35	35	35		--444
35	35	35	35	35	35	35	35	35	35		--445
35	35	35	35	35	35	35	35	35	35		--446
35	35	35	35	35	35	35	35	35	35		--447
35	35	35	35	35	35	35	35	35	35		--448
35	35	35	35	35	35	35	35	35	35		--449
35	35	35	35	35	35	35	35	35	35		--450
35	35	35	35	35	35	35	35	35	35		--451
35	35	35	35	35	35	35	35	35	36		--452
36	36	36	36	36	36	36	36	36	36		--453
36	36	36	36	36	36	36	36	36	36		--454
36	36	36	36	36	36	36	36	36	36		--455
36	36	36	36	36	36	36	36	36	36		--456
36	36	36	36	36	36	36	36	36	36		--457
36	36	36	36	36	36	36	36	36	36		--458
36	36	36	36	36	36	36	36	36	36		--459
36	36	36	36	36	36	36	36	36	36		--460
36	36	36	36	36	36	36	36	36	36		--461
36	36	36	36	36	36	36	36	36	36		--462
36	36	36	36	36	36	36	36	36	36		--463
36	36	36	36	36	36	36	36	36	36		--464
36	36	36	36	37	37	37	37	37	37		--465
37	37	37	37	37	37	37	37	37	37		--466
37	37	37	37	37	37	37	37	37	37		--467
37	37	37	37	37	37	37	37	37	37		--468
37	37	37	37	37	37	37	37	37	37		--469
37	37	37	37	37	37	37	37	37	37		--470
37	37	37	37	37	37	37	37	37	37		--471
37	37	37	37	37	37	37	37	37	37		--472
37	37	37	37	37	37	37	37	37	37		--473
37	37	37	37	37	37	37	37	37	37		--474
37	37	37	37	37	37	37	37	37	37		--475
37	37	37	37	37	37	37	37	37	37		--476
37	37	37	37	37	37	37	37	37	38		--477
38	38	38	38	38	38	38	38	38	38		--478
38	38	38	38	38	38	38	38	38	38		--479
38	38	38	38	38	38	38	38	38	38		--480
38	38	38	38	38	38	38	38	38	38		--481
38	38	38	38	38	38	38	38	38	38		--482
38	38	38	38	38	38	38	38	38	38		--483
38	38	38	38	38	38	38	38	38	38		--484
38	38	38	38	38	38	38	38	38	38		--485
38	38	38	38	38	38	38	38	38	38		--486
38	38	38	38	38	38	38	38	38	38		--487
38	38	38	38	38	38	38	38	38	38		--488
38	38	38	38	38	38	38	38	38	38		--489
38	38	38	38	38	39	39	39	39	39		--490
39	39	39	39	39	39	39	39	39	39		--491
39	39	39	39	39	39	39	39	39	39		--492
39	39	39	39	39	39	39	39	39	39		--493
39	39	39	39	39	39	39	39	39	39		--494
39	39	39	39	39	39	39	39	39	39		--495
39	39	39	39	39	39	39	39	39	39		--496
39	39	39	39	39	39	39	39	39	39		--497
39	39	39	39	39	39	39	39	39	39		--498
39	39	39	39	39	39	39	39	39	39		--499
39	39	39	39	39	39	39	39	39	39		--500
39	39	39	39	39	39	39	39	39	39		--501
39	39	39	39	39	39	39	39	39	39		--502
40	40	40	40	40	40	40	40	40	40		--503
40	40	40	40	40	40	40	40	40	40		--504
40	40	40	40	40	40	40	40	40	40		--505
40	40	40	40	40	40	40	40	40	40		--506
40	40	40	40	40	40	40	40	40	40		--507
40	40	40	40	40	40	40	40	40	40		--508
40	40	40	40	40	40	40	40	40	40		--509
40	40	40	40	40	40	40	40	40	40		--510
40	40	40	40	40	40	40	40	40	40		--511
40	40	40	40	40	40	40	40	40	40		--512
40	40	40	40	40	40	40	40	40	40		--513
40	40	40	40	40	40	40	40	40	40		--514
40	40	40	40	40	40	41	41	41	41		--515
41	41	41	41	41	41	41	41	41	41		--516
41	41	41	41	41	41	41	41	41	41		--517
41	41	41	41	41	41	41	41	41	41		--518
41	41	41	41	41	41	41	41	41	41		--519
41	41	41	41	41	41	41	41	41	41		--520
41	41	41	41	41	41	41	41	41	41		--521
41	41	41	41	41	41	41	41	41	41		--522
41	41	41	41	41	41	41	41	41	41		--523
41	41	41	41	41	41	41	41	41	41		--524
41	41	41	41	41	41	41	41	41	41		--525
41	41	41	41	41	41	41	41	41	41		--526
41	41	41	41	41	41	41	41	41	41		--527
41	42	42	42	42	42	42	42	42	42		--528
42	42	42	42	42	42	42	42	42	42		--529
42	42	42	42	42	42	42	42	42	42		--530
42	42	42	42	42	42	42	42	42	42		--531
42	42	42	42	42	42	42	42	42	42		--532
42	42	42	42	42	42	42	42	42	42		--533
42	42	42	42	42	42	42	42	42	42		--534
42	42	42	42	42	42	42	42	42	42		--535
42	42	42	42	42	42	42	42	42	42		--536
42	42	42	42	42	42	42	42	42	42		--537
42	42	42	42	42	42	42	42	42	42		--538
42	42	42	42	42	42	42	42	42	42		--539
42	42	42	42	42	42	42	43	43	43		--540
43	43	43	43	43	43	43	43	43	43		--541
43	43	43	43	43	43	43	43	43	43		--542
43	43	43	43	43	43	43	43	43	43		--543
43	43	43	43	43	43	43	43	43	43		--544
43	43	43	43	43	43	43	43	43	43		--545
43	43	43	43	43	43	43	43	43	43		--546
43	43	43	43	43	43	43	43	43	43		--547
43	43	43	43	43	43	43	43	43	43		--548
43	43	43	43	43	43	43	43	43	43		--549
43	43	43	43	43	43	43	43	43	43		--550
43	43	43	43	43	43	43	43	43	43		--551
43	43	43	43	43	43	43	43	43	43		--552
43	43	44	44	44	44	44	44	44	44		--553
44	44	44	44	44	44	44	44	44	44		--554
44	44	44	44	44	44	44	44	44	44		--555
44	44	44	44	44	44	44	44	44	44		--556
44	44	44	44	44	44	44	44	44	44		--557
44	44	44	44	44	44	44	44	44	44		--558
44	44	44	44	44	44	44	44	44	44		--559
44	44	44	44	44	44	44	44	44	44		--560
44	44	44	44	44	44	44	44	44	44		--561
44	44	44	44	44	44	44	44	44	44		--562
44	44	44	44	44	44	44	44	44	44		--563
44	44	44	44	44	44	44	44	44	44		--564
44	44	44	44	44	44	44	45	45	45		--565
45	45	45	45	45	45	45	45	45	45		--566
45	45	45	45	45	45	45	45	45	45		--567
45	45	45	45	45	45	45	45	45	45		--568
45	45	45	45	45	45	45	45	45	45		--569
45	45	45	45	45	45	45	45	45	45		--570
45	45	45	45	45	45	45	45	45	45		--571
45	45	45	45	45	45	45	45	45	45		--572
45	45	45	45	45	45	45	45	45	45		--573
45	45	45	45	45	45	45	45	45	45		--574
45	45	45	45	45	45	45	45	45	45		--575
45	45	45	45	45	45	45	45	45	45		--576
45	45	45	45	45	45	45	45	45	45		--577
45	45	45	46	46	46	46	46	46	46		--578
46	46	46	46	46	46	46	46	46	46		--579
46	46	46	46	46	46	46	46	46	46		--580
46	46	46	46	46	46	46	46	46	46		--581
46	46	46	46	46	46	46	46	46	46		--582
46	46	46	46	46	46	46	46	46	46		--583
46	46	46	46	46	46	46	46	46	46		--584
46	46	46	46	46	46	46	46	46	46		--585
46	46	46	46	46	46	46	46	46	46		--586
46	46	46	46	46	46	46	46	46	46		--587
46	46	46	46	46	46	46	46	46	46		--588
46	46	46	46	46	46	46	46	46	46		--589
46	46	46	46	46	46	46	46	47	47		--590
47	47	47	47	47	47	47	47	47	47		--591
47	47	47	47	47	47	47	47	47	47		--592
47	47	47	47	47	47	47	47	47	47		--593
47	47	47	47	47	47	47	47	47	47		--594
47	47	47	47	47	47	47	47	47	47		--595
47	47	47	47	47	47	47	47	47	47		--596
47	47	47	47	47	47	47	47	47	47		--597
47	47	47	47	47	47	47	47	47	47		--598
47	47	47	47	47	47	47	47	47	47		--599
47	47	47	47	47	47	47	47	47	47		--600
47	47	47	47	47	47	47	47	47	47		--601
47	47	47	47	47	47	47	47	47	47		--602
47	47	47	47	48	48	48	48	48	48		--603
48	48	48	48	48	48	48	48	48	48		--604
48	48	48	48	48	48	48	48	48	48		--605
48	48	48	48	48	48	48	48	48	48		--606
48	48	48	48	48	48	48	48	48	48		--607
48	48	48	48	48	48	48	48	48	48		--608
48	48	48	48	48	48	48	48	48	48		--609
48	48	48	48	48	48	48	48	48	48		--610
48	48	48	48	48	48	48	48	48	48		--611
48	48	48	48	48	48	48	48	48	48		--612
48	48	48	48	48	48	48	48	48	48		--613
48	48	48	48	48	48	48	48	48	48		--614
48	48	48	48	48	48	48	48	48	49		--615
49	49	49	49	49	49	49	49	49	49		--616
49	49	49	49	49	49	49	49	49	49		--617
49	49	49	49	49	49	49	49	49	49		--618
49	49	49	49	49	49	49	49	49	49		--619
49	49	49	49	49	49	49	49	49	49		--620
49	49	49	49	49	49	49	49	49	49		--621
49	49	49	49	49	49	49	49	49	49		--622
49	49	49	49	49	49	49	49	49	49		--623
49	49	49	49	49	49	49	49	49	49		--624
49	49	49	49	49	49	49	49	49	49		--625
49	49	49	49	49	49	49	49	49	49		--626
49	49	49	49	49	49	49	49	49	49		--627
49	49	49	49	49	50	50	50	50	50		--628
50	50	50	50	50	50	50	50	50	50		--629
50	50	50	50	50	50	50	50	50	50		--630
50	50	50	50	50	50	50	50	50	50		--631
50	50	50	50	50	50	50	50	50	50		--632
50	50	50	50	50	50	50	50	50	50		--633
50	50	50	50	50	50	50	50	50	50		--634
50	50	50	50	50	50	50	50	50	50		--635
50	50	50	50	50	50	50	50	50	50		--636
50	50	50	50	50	50	50	50	50	50		--637
50	50	50	50	50	50	50	50	50	50		--638
50	50	50	50	50	50	50	50	50	50		--639
50	50	50	50	50	50	50	50	50	50		--640
51	51	51	51	51	51	51	51	51	51		--641
51	51	51	51	51	51	51	51	51	51		--642
51	51	51	51	51	51	51	51	51	51		--643
51	51	51	51	51	51	51	51	51	51		--644
51	51	51	51	51	51	51	51	51	51		--645
51	51	51	51	51	51	51	51	51	51		--646
51	51	51	51	51	51	51	51	51	51		--647
51	51	51	51	51	51	51	51	51	51		--648
51	51	51	51	51	51	51	51	51	51		--649
51	51	51	51	51	51	51	51	51	51		--650
51	51	51	51	51	51	51	51	51	51		--651
51	51	51	51	51	51	51	51	51	51		--652
51	51	51	51	51	51	52	52	52	52		--653
52	52	52	52	52	52	52	52	52	52		--654
52	52	52	52	52	52	52	52	52	52		--655
52	52	52	52	52	52	52	52	52	52		--656
52	52	52	52	52	52	52	52	52	52		--657
52	52	52	52	52	52	52	52	52	52		--658
52	52	52	52	52	52	52	52	52	52		--659
52	52	52	52	52	52	52	52	52	52		--660
52	52	52	52	52	52	52	52	52	52		--661
52	52	52	52	52	52	52	52	52	52		--662
52	52	52	52	52	52	52	52	52	52		--663
52	52	52	52	52	52	52	52	52	52		--664
52	52	52	52	52	52	52	52	52	52		--665
52	52	53	53	53	53	53	53	53	53		--666
53	53	53	53	53	53	53	53	53	53		--667
53	53	53	53	53	53	53	53	53	53		--668
53	53	53	53	53	53	53	53	53	53		--669
53	53	53	53	53	53	53	53	53	53		--670
53	53	53	53	53	53	53	53	53	53		--671
53	53	53	53	53	53	53	53	53	53		--672
53	53	53	53	53	53	53	53	53	53		--673
53	53	53	53	53	53	53	53	53	53		--674
53	53	53	53	53	53	53	53	53	53		--675
53	53	53	53	53	53	53	53	53	53		--676
53	53	53	53	53	53	53	53	53	53		--677
53	53	53	53	53	53	53	54	54	54		--678
54	54	54	54	54	54	54	54	54	54		--679
54	54	54	54	54	54	54	54	54	54		--680
54	54	54	54	54	54	54	54	54	54		--681
54	54	54	54	54	54	54	54	54	54		--682
54	54	54	54	54	54	54	54	54	54		--683
54	54	54	54	54	54	54	54	54	54		--684
54	54	54	54	54	54	54	54	54	54		--685
54	54	54	54	54	54	54	54	54	54		--686
54	54	54	54	54	54	54	54	54	54		--687
54	54	54	54	54	54	54	54	54	54		--688
54	54	54	54	54	54	54	54	54	54		--689
54	54	54	54	54	54	54	54	54	54		--690
54	54	54	55	55	55	55	55	55	55		--691
55	55	55	55	55	55	55	55	55	55		--692
55	55	55	55	55	55	55	55	55	55		--693
55	55	55	55	55	55	55	55	55	55		--694
55	55	55	55	55	55	55	55	55	55		--695
55	55	55	55	55	55	55	55	55	55		--696
55	55	55	55	55	55	55	55	55	55		--697
55	55	55	55	55	55	55	55	55	55		--698
55	55	55	55	55	55	55	55	55	55		--699
55	55	55	55	55	55	55	55	55	55		--700
55	55	55	55	55	55	55	55	55	55		--701
55	55	55	55	55	55	55	55	55	55		--702
55	55	55	55	55	55	55	55	56	56		--703
56	56	56	56	56	56	56	56	56	56		--704
56	56	56	56	56	56	56	56	56	56		--705
56	56	56	56	56	56	56	56	56	56		--706
56	56	56	56	56	56	56	56	56	56		--707
56	56	56	56	56	56	56	56	56	56		--708
56	56	56	56	56	56	56	56	56	56		--709
56	56	56	56	56	56	56	56	56	56		--710
56	56	56	56	56	56	56	56	56	56		--711
56	56	56	56	56	56	56	56	56	56		--712
56	56	56	56	56	56	56	56	56	56		--713
56	56	56	56	56	56	56	56	56	56		--714
56	56	56	56	56	56	56	56	56	56		--715
56	56	56	56	57	57	57	57	57	57		--716
57	57	57	57	57	57	57	57	57	57		--717
57	57	57	57	57	57	57	57	57	57		--718
57	57	57	57	57	57	57	57	57	57		--719
57	57	57	57	57	57	57	57	57	57		--720
57	57	57	57	57	57	57	57	57	57		--721
57	57	57	57	57	57	57	57	57	57		--722
57	57	57	57	57	57	57	57	57	57		--723
57	57	57	57	57	57	57	57	57	57		--724
57	57	57	57	57	57	57	57	57	57		--725
57	57	57	57	57	57	57	57	57	57		--726
57	57	57	57	57	57	57	57	57	57		--727
57	57	57	57	57	57	57	57	57	58		--728
58	58	58	58	58	58	58	58	58	58		--729
58	58	58	58	58	58	58	58	58	58		--730
58	58	58	58	58	58	58	58	58	58		--731
58	58	58	58	58	58	58	58	58	58		--732
58	58	58	58	58	58	58	58	58	58		--733
58	58	58	58	58	58	58	58	58	58		--734
58	58	58	58	58	58	58	58	58	58		--735
58	58	58	58	58	58	58	58	58	58		--736
58	58	58	58	58	58	58	58	58	58		--737
58	58	58	58	58	58	58	58	58	58		--738
58	58	58	58	58	58	58	58	58	58		--739
58	58	58	58	58	58	58	58	58	58		--740
58	58	58	58	58	59	59	59	59	59		--741
59	59	59	59	59	59	59	59	59	59		--742
59	59	59	59	59	59	59	59	59	59		--743
59	59	59	59	59	59	59	59	59	59		--744
59	59	59	59	59	59	59	59	59	59		--745
59	59	59	59	59	59	59	59	59	59		--746
59	59	59	59	59	59	59	59	59	59		--747
59	59	59	59	59	59	59	59	59	59		--748
59	59	59	59	59	59	59	59	59	59		--749
59	59	59	59	59	59	59	59	59	59		--750
59	59	59	59	59	59	59	59	59	59		--751
59	59	59	59	59	59	59	59	59	59		--752
59	59	59	59	59	59	59	59	59	59		--753
60	60	60	60	60	60	60	60	60	60		--754
60	60	60	60	60	60	60	60	60	60		--755
60	60	60	60	60	60	60	60	60	60		--756
60	60	60	60	60	60	60	60	60	60		--757
60	60	60	60	60	60	60	60	60	60		--758
60	60	60	60	60	60	60	60	60	60		--759
60	60	60	60	60	60	60	60	60	60		--760
60	60	60	60	60	60	60	60	60	60		--761
60	60	60	60	60	60	60	60	60	60		--762
60	60	60	60	60	60	60	60	60	60		--763
60	60	60	60	60	60	60	60	60	60		--764
60	60	60	60	60	60	60	60	60	60		--765
60	60	60	60	60	60	61	61	61	61		--766
61	61	61	61	61	61	61	61	61	61		--767
61	61	61	61	61	61	61	61	61	61		--768
61	61	61	61	61	61	61	61	61	61		--769
61	61	61	61	61	61	61	61	61	61		--770
61	61	61	61	61	61	61	61	61	61		--771
61	61	61	61	61	61	61	61	61	61		--772
61	61	61	61	61	61	61	61	61	61		--773
61	61	61	61	61	61	61	61	61	61		--774
61	61	61	61	61	61	61	61	61	61		--775
61	61	61	61	61	61	61	61	61	61		--776
61	61	61	61	61	61	61	61	61	61		--777
61	61	61	61	61	61	61	61	61	61		--778
61	61	62	62	62	62	62	62	62	62		--779
62	62	62	62	62	62	62	62	62	62		--780
62	62	62	62	62	62	62	62	62	62		--781
62	62	62	62	62	62	62	62	62	62		--782
62	62	62	62	62	62	62	62	62	62		--783
62	62	62	62	62	62	62	62	62	62		--784
62	62	62	62	62	62	62	62	62	62		--785
62	62	62	62	62	62	62	62	62	62		--786
62	62	62	62	62	62	62	62	62	62		--787
62	62	62	62	62	62	62	62	62	62		--788
62	62	62	62	62	62	62	62	62	62		--789
62	62	62	62	62	62	62	62	62	62		--790
62	62	62	62	62	62	62	63	63	63		--791
63	63	63	63	63	63	63	63	63	63		--792
63	63	63	63	63	63	63	63	63	63		--793
63	63	63	63	63	63	63	63	63	63		--794
63	63	63	63	63	63	63	63	63	63		--795
63	63	63	63	63	63	63	63	63	63		--796
63	63	63	63	63	63	63	63	63	63		--797
63	63	63	63	63	63	63	63	63	63		--798
63	63	63	63	63	63	63	63	63	63		--799
63	63	63	63	63	63	63	63	63	63		--800
63	63	63	63	63	63	63	63	63	63		--801
63	63	63	63	63	63	63	63	63	63		--802
63	63	63	63	63	63	63	63	63	63		--803
63	63	63	64	64	64	64	64	64	64		--804
64	64	64	64	64	64	64	64	64	64		--805
64	64	64	64	64	64	64	64	64	64		--806
64	64	64	64	64	64	64	64	64	64		--807
64	64	64	64	64	64	64	64	64	64		--808
64	64	64	64	64	64	64	64	64	64		--809
64	64	64	64	64	64	64	64	64	64		--810
64	64	64	64	64	64	64	64	64	64		--811
64	64	64	64	64	64	64	64	64	64		--812
64	64	64	64	64	64	64	64	64	64		--813
64	64	64	64	64	64	64	64	64	64		--814
64	64	64	64	64	64	64	64	64	64		--815
64	64	64	64	64	64	64	64	65	65		--816
65	65	65	65	65	65	65	65	65	65		--817
65	65	65	65	65	65	65	65	65	65		--818
65	65	65	65	65	65	65	65	65	65		--819
65	65	65	65	65	65	65	65	65	65		--820
65	65	65	65	65	65	65	65	65	65		--821
65	65	65	65	65	65	65	65	65	65		--822
65	65	65	65	65	65	65	65	65	65		--823
65	65	65	65	65	65	65	65	65	65		--824
65	65	65	65	65	65	65	65	65	65		--825
65	65	65	65	65	65	65	65	65	65		--826
65	65	65	65	65	65	65	65	65	65		--827
65	65	65	65	65	65	65	65	65	65		--828
65	65	65	65	66	66	66	66	66	66		--829
66	66	66	66	66	66	66	66	66	66		--830
66	66	66	66	66	66	66	66	66	66		--831
66	66	66	66	66	66	66	66	66	66		--832
66	66	66	66	66	66	66	66	66	66		--833
66	66	66	66	66	66	66	66	66	66		--834
66	66	66	66	66	66	66	66	66	66		--835
66	66	66	66	66	66	66	66	66	66		--836
66	66	66	66	66	66	66	66	66	66		--837
66	66	66	66	66	66	66	66	66	66		--838
66	66	66	66	66	66	66	66	66	66		--839
66	66	66	66	66	66	66	66	66	66		--840
66	66	66	66	66	66	66	66	66	67		--841
67	67	67	67	67	67	67	67	67	67		--842
67	67	67	67	67	67	67	67	67	67		--843
67	67	67	67	67	67	67	67	67	67		--844
67	67	67	67	67	67	67	67	67	67		--845
67	67	67	67	67	67	67	67	67	67		--846
67	67	67	67	67	67	67	67	67	67		--847
67	67	67	67	67	67	67	67	67	67		--848
67	67	67	67	67	67	67	67	67	67		--849
67	67	67	67	67	67	67	67	67	67		--850
67	67	67	67	67	67	67	67	67	67		--851
67	67	67	67	67	67	67	67	67	67		--852
67	67	67	67	67	67	67	67	67	67		--853
67	67	67	67	67	68	68	68	68	68		--854
68	68	68	68	68	68	68	68	68	68		--855
68	68	68	68	68	68	68	68	68	68		--856
68	68	68	68	68	68	68	68	68	68		--857
68	68	68	68	68	68	68	68	68	68		--858
68	68	68	68	68	68	68	68	68	68		--859
68	68	68	68	68	68	68	68	68	68		--860
68	68	68	68	68	68	68	68	68	68		--861
68	68	68	68	68	68	68	68	68	68		--862
68	68	68	68	68	68	68	68	68	68		--863
68	68	68	68	68	68	68	68	68	68		--864
68	68	68	68	68	68	68	68	68	68		--865
68	68	68	68	68	68	68	68	68	68		--866
69	69	69	69	69	69	69	69	69	69		--867
69	69	69	69	69	69	69	69	69	69		--868
69	69	69	69	69	69	69	69	69	69		--869
69	69	69	69	69	69	69	69	69	69		--870
69	69	69	69	69	69	69	69	69	69		--871
69	69	69	69	69	69	69	69	69	69		--872
69	69	69	69	69	69	69	69	69	69		--873
69	69	69	69	69	69	69	69	69	69		--874
69	69	69	69	69	69	69	69	69	69		--875
69	69	69	69	69	69	69	69	69	69		--876
69	69	69	69	69	69	69	69	69	69		--877
69	69	69	69	69	69	69	69	69	69		--878
69	69	69	69	69	69	70	70	70	70		--879
70	70	70	70	70	70	70	70	70	70		--880
70	70	70	70	70	70	70	70	70	70		--881
70	70	70	70	70	70	70	70	70	70		--882
70	70	70	70	70	70	70	70	70	70		--883
70	70	70	70	70	70	70	70	70	70		--884
70	70	70	70	70	70	70	70	70	70		--885
70	70	70	70	70	70	70	70	70	70		--886
70	70	70	70	70	70	70	70	70	70		--887
70	70	70	70	70	70	70	70	70	70		--888
70	70	70	70	70	70	70	70	70	70		--889
70	70	70	70	70	70	70	70	70	70		--890
70	70	70	70	70	70	70	70	70	70		--891
70	70	71	71	71	71	71	71	71	71		--892
71	71	71	71	71	71	71	71	71	71		--893
71	71	71	71	71	71	71	71	71	71		--894
71	71	71	71	71	71	71	71	71	71		--895
71	71	71	71	71	71	71	71	71	71		--896
71	71	71	71	71	71	71	71	71	71		--897
71	71	71	71	71	71	71	71	71	71		--898
71	71	71	71	71	71	71	71	71	71		--899
71	71	71	71	71	71	71	71	71	71		--900
71	71	71	71	71	71	71	71	71	71		--901
71	71	71	71	71	71	71	71	71	71		--902
71	71	71	71	71	71	71	71	71	71		--903
71	71	71	71	71	71	71	72	72	72		--904
72	72	72	72	72	72	72	72	72	72		--905
72	72	72	72	72	72	72	72	72	72		--906
72	72	72	72	72	72	72	72	72	72		--907
72	72	72	72	72	72	72	72	72	72		--908
72	72	72	72	72	72	72	72	72	72		--909
72	72	72	72	72	72	72	72	72	72		--910
72	72	72	72	72	72	72	72	72	72		--911
72	72	72	72	72	72	72	72	72	72		--912
72	72	72	72	72	72	72	72	72	72		--913
72	72	72	72	72	72	72	72	72	72		--914
72	72	72	72	72	72	72	72	72	72		--915
72	72	72	72	72	72	72	72	72	72		--916
72	72	72	73	73	73	73	73	73	73		--917
73	73	73	73	73	73	73	73	73	73		--918
73	73	73	73	73	73	73	73	73	73		--919
73	73	73	73	73	73	73	73	73	73		--920
73	73	73	73	73	73	73	73	73	73		--921
73	73	73	73	73	73	73	73	73	73		--922
73	73	73	73	73	73	73	73	73	73		--923
73	73	73	73	73	73	73	73	73	73		--924
73	73	73	73	73	73	73	73	73	73		--925
73	73	73	73	73	73	73	73	73	73		--926
73	73	73	73	73	73	73	73	73	73		--927
73	73	73	73	73	73	73	73	73	73		--928
73	73	73	73	73	73	73	73	74	74		--929
74	74	74	74	74	74	74	74	74	74		--930
74	74	74	74	74	74	74	74	74	74		--931
74	74	74	74	74	74	74	74	74	74		--932
74	74	74	74	74	74	74	74	74	74		--933
74	74	74	74	74	74	74	74	74	74		--934
74	74	74	74	74	74	74	74	74	74		--935
74	74	74	74	74	74	74	74	74	74		--936
74	74	74	74	74	74	74	74	74	74		--937
74	74	74	74	74	74	74	74	74	74		--938
74	74	74	74	74	74	74	74	74	74		--939
74	74	74	74	74	74	74	74	74	74		--940
74	74	74	74	74	74	74	74	74	74		--941
74	74	74	74	75	75	75	75	75	75		--942
75	75	75	75	75	75	75	75	75	75		--943
75	75	75	75	75	75	75	75	75	75		--944
75	75	75	75	75	75	75	75	75	75		--945
75	75	75	75	75	75	75	75	75	75		--946
75	75	75	75	75	75	75	75	75	75		--947
75	75	75	75	75	75	75	75	75	75		--948
75	75	75	75	75	75	75	75	75	75		--949
75	75	75	75	75	75	75	75	75	75		--950
75	75	75	75	75	75	75	75	75	75		--951
75	75	75	75	75	75	75	75	75	75		--952
75	75	75	75	75	75	75	75	75	75		--953
75	75	75	75	75	75	75	75	75	76		--954
76	76	76	76	76	76	76	76	76	76		--955
76	76	76	76	76	76	76	76	76	76		--956
76	76	76	76	76	76	76	76	76	76		--957
76	76	76	76	76	76	76	76	76	76		--958
76	76	76	76	76	76	76	76	76	76		--959
76	76	76	76	76	76	76	76	76	76		--960
76	76	76	76	76	76	76	76	76	76		--961
76	76	76	76	76	76	76	76	76	76		--962
76	76	76	76	76	76	76	76	76	76		--963
76	76	76	76	76	76	76	76	76	76		--964
76	76	76	76	76	76	76	76	76	76		--965
76	76	76	76	76	76	76	76	76	76		--966
76	76	76	76	76	77	77	77	77	77		--967
77	77	77	77	77	77	77	77	77	77		--968
77	77	77	77	77	77	77	77	77	77		--969
77	77	77	77	77	77	77	77	77	77		--970
77	77	77	77	77	77	77	77	77	77		--971
77	77	77	77	77	77	77	77	77	77		--972
77	77	77	77	77	77	77	77	77	77		--973
77	77	77	77	77	77	77	77	77	77		--974
77	77	77	77	77	77	77	77	77	77		--975
77	77	77	77	77	77	77	77	77	77		--976
77	77	77	77	77	77	77	77	77	77		--977
77	77	77	77	77	77	77	77	77	77		--978
77	77	77	77	77	77	77	77	77	77		--979
78	78	78	78	78	78	78	78	78	78		--980
78	78	78	78	78	78	78	78	78	78		--981
78	78	78	78	78	78	78	78	78	78		--982
78	78	78	78	78	78	78	78	78	78		--983
78	78	78	78	78	78	78	78	78	78		--984
78	78	78	78	78	78	78	78	78	78		--985
78	78	78	78	78	78	78	78	78	78		--986
78	78	78	78	78	78	78	78	78	78		--987
78	78	78	78	78	78	78	78	78	78		--988
78	78	78	78	78	78	78	78	78	78		--989
78	78	78	78	78	78	78	78	78	78		--990
78	78	78	78	78	78	78	78	78	78		--991
78	78	78	78	78	78	79	79	79	79		--992
79	79	79	79	79	79	79	79	79	79		--993
79	79	79	79	79	79	79	79	79	79		--994
79	79	79	79	79	79	79	79	79	79		--995
79	79	79	79	79	79	79	79	79	79		--996
79	79	79	79	79	79	79	79	79	79		--997
79	79	79	79	79	79	79	79	79	79		--998
79	79	79	79	79	79	79	79	79	79		--999
79	79	79	79	79	79	79	79	79	79		--1000
79	79	79	79	79	79	79	79	79	79		--1001
79	79	79	79	79	79	79	79	79	79		--1002
79	79	79	79	79	79	79	79	79	79		--1003
79	79	79	79	79	79	79	79	79	79		--1004
79	79	80	80	80	80	80	80	80	80		--1005
80	80	80	80	80	80	80	80	80	80		--1006
80	80	80	80	80	80	80	80	80	80		--1007
80	80	80	80	80	80	80	80	80	80		--1008
80	80	80	80	80	80	80	80	80	80		--1009
80	80	80	80	80	80	80	80	80	80		--1010
80	80	80	80	80	80	80	80	80	80		--1011
80	80	80	80	80	80	80	80	80	80		--1012
80	80	80	80	80	80	80	80	80	80		--1013
80	80	80	80	80	80	80	80	80	80		--1014
80	80	80	80	80	80	80	80	80	80		--1015
80	80	80	80	80	80	80	80	80	80		--1016
80	80	80	80	80	80	80	81	81	81		--1017
81	81	81	81	81	81	81	81	81	81		--1018
81	81	81	81	81	81	81	81	81	81		--1019
81	81	81	81	81	81	81	81	81	81		--1020
81	81	81	81	81	81	81	81	81	81		--1021
81	81	81	81	81	81	81	81	81	81		--1022
81	81	81	81	81	81	81	81	81	81		--1023
81	81	81	81	81	81	81	81	81	81		--1024
81	81	81	81	81	81	81	81	81	81		--1025
81	81	81	81	81	81	81	81	81	81		--1026
81	81	81	81	81	81	81	81	81	81		--1027
81	81	81	81	81	81	81	81	81	81		--1028
81	81	81	81	81	81	81	81	81	81		--1029
81	81	81	82	82	82	82	82	82	82		--1030
82	82	82	82	82	82	82	82	82	82		--1031
82	82	82	82	82	82	82	82	82	82		--1032
82	82	82	82	82	82	82	82	82	82		--1033
82	82	82	82	82	82	82	82	82	82		--1034
82	82	82	82	82	82	82	82	82	82		--1035
82	82	82	82	82	82	82	82	82	82		--1036
82	82	82	82	82	82	82	82	82	82		--1037
82	82	82	82	82	82	82	82	82	82		--1038
82	82	82	82	82	82	82	82	82	82		--1039
82	82	82	82	82	82	82	82	82	82		--1040
82	82	82	82	82	82	82	82	82	82		--1041
82	82	82	82	82	82	82	82	83	83		--1042
83	83	83	83	83	83	83	83	83	83		--1043
83	83	83	83	83	83	83	83	83	83		--1044
83	83	83	83	83	83	83	83	83	83		--1045
83	83	83	83	83	83	83	83	83	83		--1046
83	83	83	83	83	83	83	83	83	83		--1047
83	83	83	83	83	83	83	83	83	83		--1048
83	83	83	83	83	83	83	83	83	83		--1049
83	83	83	83	83	83	83	83	83	83		--1050
83	83	83	83	83	83	83	83	83	83		--1051
83	83	83	83	83	83	83	83	83	83		--1052
83	83	83	83	83	83	83	83	83	83		--1053
83	83	83	83	83	83	83	83	83	83		--1054
83	83	83	83	84	84	84	84	84	84		--1055
84	84	84	84	84	84	84	84	84	84		--1056
84	84	84	84	84	84	84	84	84	84		--1057
84	84	84	84	84	84	84	84	84	84		--1058
84	84	84	84	84	84	84	84	84	84		--1059
84	84	84	84	84	84	84	84	84	84		--1060
84	84	84	84	84	84	84	84	84	84		--1061
84	84	84	84	84	84	84	84	84	84		--1062
84	84	84	84	84	84	84	84	84	84		--1063
84	84	84	84	84	84	84	84	84	84		--1064
84	84	84	84	84	84	84	84	84	84		--1065
84	84	84	84	84	84	84	84	84	84		--1066
84	84	84	84	84	84	84	84	84	85		--1067
85	85	85	85	85	85	85	85	85	85		--1068
85	85	85	85	85	85	85	85	85	85		--1069
85	85	85	85	85	85	85	85	85	85		--1070
85	85	85	85	85	85	85	85	85	85		--1071
85	85	85	85	85	85	85	85	85	85		--1072
85	85	85	85	85	85	85	85	85	85		--1073
85	85	85	85	85	85	85	85	85	85		--1074
85	85	85	85	85	85	85	85	85	85		--1075
85	85	85	85	85	85	85	85	85	85		--1076
85	85	85	85	85	85	85	85	85	85		--1077
85	85	85	85	85	85	85	85	85	85		--1078
85	85	85	85	85	85	85	85	85	85		--1079
85	85	85	85	86	86	86	86	86	86		--1080
86	86	86	86	86	86	86	86	86	86		--1081
86	86	86	86	86	86	86	86	86	86		--1082
86	86	86	86	86	86	86	86	86	86		--1083
86	86	86	86	86	86	86	86	86	86		--1084
86	86	86	86	86	86	86	86	86	86		--1085
86	86	86	86	86	86	86	86	86	86		--1086
86	86	86	86	86	86	86	86	86	86		--1087
86	86	86	86	86	86	86	86	86	86		--1088
86	86	86	86	86	86	86	86	86	86		--1089
86	86	86	86	86	86	86	86	86	86		--1090
86	86	86	86	86	86	86	86	86	86		--1091
86	86	86	86	86	86	86	86	86	87		--1092
87	87	87	87	87	87	87	87	87	87		--1093
87	87	87	87	87	87	87	87	87	87		--1094
87	87	87	87	87	87	87	87	87	87		--1095
87	87	87	87	87	87	87	87	87	87		--1096
87	87	87	87	87	87	87	87	87	87		--1097
87	87	87	87	87	87	87	87	87	87		--1098
87	87	87	87	87	87	87	87	87	87		--1099
87	87	87	87	87	87	87	87	87	87		--1100
87	87	87	87	87	87	87	87	87	87		--1101
87	87	87	87	87	87	87	87	87	87		--1102
87	87	87	87	87	87	87	87	87	87		--1103
87	87	87	87	87	87	87	87	87	87		--1104
87	87	87	87	87	88	88	88	88	88		--1105
88	88	88	88	88	88	88	88	88	88		--1106
88	88	88	88	88	88	88	88	88	88		--1107
88	88	88	88	88	88	88	88	88	88		--1108
88	88	88	88	88	88	88	88	88	88		--1109
88	88	88	88	88	88	88	88	88	88		--1110
88	88	88	88	88	88	88	88	88	88		--1111
88	88	88	88	88	88	88	88	88	88		--1112
88	88	88	88	88	88	88	88	88	88		--1113
88	88	88	88	88	88	88	88	88	88		--1114
88	88	88	88	88	88	88	88	88	88		--1115
88	88	88	88	88	88	88	88	88	88		--1116
88	88	88	88	88	88	88	88	88	88		--1117
88	89	89	89	89	89	89	89	89	89		--1118
89	89	89	89	89	89	89	89	89	89		--1119
89	89	89	89	89	89	89	89	89	89		--1120
89	89	89	89	89	89	89	89	89	89		--1121
89	89	89	89	89	89	89	89	89	89		--1122
89	89	89	89	89	89	89	89	89	89		--1123
89	89	89	89	89	89	89	89	89	89		--1124
89	89	89	89	89	89	89	89	89	89		--1125
89	89	89	89	89	89	89	89	89	89		--1126
89	89	89	89	89	89	89	89	89	89		--1127
89	89	89	89	89	89	89	89	89	89		--1128
89	89	89	89	89	89	89	89	89	89		--1129
89	89	89	89	89	89	90	90	90	90		--1130
90	90	90	90	90	90	90	90	90	90		--1131
90	90	90	90	90	90	90	90	90	90		--1132
90	90	90	90	90	90	90	90	90	90		--1133
90	90	90	90	90	90	90	90	90	90		--1134
90	90	90	90	90	90	90	90	90	90		--1135
90	90	90	90	90	90	90	90	90	90		--1136
90	90	90	90	90	90	90	90	90	90		--1137
90	90	90	90	90	90	90	90	90	90		--1138
90	90	90	90	90	90	90	90	90	90		--1139
90	90	90	90	90	90	90	90	90	90		--1140
90	90	90	90	90	90	90	90	90	90		--1141
90	90	90	90	90	90	90	90	90	90		--1142
90	90	91	91	91	91	91	91	91	91		--1143
91	91	91	91	91	91	91	91	91	91		--1144
91	91	91	91	91	91	91	91	91	91		--1145
91	91	91	91	91	91	91	91	91	91		--1146
91	91	91	91	91	91	91	91	91	91		--1147
91	91	91	91	91	91	91	91	91	91		--1148
91	91	91	91	91	91	91	91	91	91		--1149
91	91	91	91	91	91	91	91	91	91		--1150
91	91	91	91	91	91	91	91	91	91		--1151
91	91	91	91	91	91	91	91	91	91		--1152
91	91	91	91	91	91	91	91	91	91		--1153
91	91	91	91	91	91	91	91	91	91		--1154
91	91	91	91	91	91	91	92	92	92		--1155
92	92	92	92	92	92	92	92	92	92		--1156
92	92	92	92	92	92	92	92	92	92		--1157
92	92	92	92	92	92	92	92	92	92		--1158
92	92	92	92	92	92	92	92	92	92		--1159
92	92	92	92	92	92	92	92	92	92		--1160
92	92	92	92	92	92	92	92	92	92		--1161
92	92	92	92	92	92	92	92	92	92		--1162
92	92	92	92	92	92	92	92	92	92		--1163
92	92	92	92	92	92	92	92	92	92		--1164
92	92	92	92	92	92	92	92	92	92		--1165
92	92	92	92	92	92	92	92	92	92		--1166
92	92	92	92	92	92	92	92	92	92		--1167
92	92	92	93	93	93	93	93	93	93		--1168
93	93	93	93	93	93	93	93	93	93		--1169
93	93	93	93	93	93	93	93	93	93		--1170
93	93	93	93	93	93	93	93	93	93		--1171
93	93	93	93	93	93	93	93	93	93		--1172
93	93	93	93	93	93	93	93	93	93		--1173
93	93	93	93	93	93	93	93	93	93		--1174
93	93	93	93	93	93	93	93	93	93		--1175
93	93	93	93	93	93	93	93	93	93		--1176
93	93	93	93	93	93	93	93	93	93		--1177
93	93	93	93	93	93	93	93	93	93		--1178
93	93	93	93	93	93	93	93	93	93		--1179
93	93	93	93	93	93	93	93	94	94		--1180
94	94	94	94	94	94	94	94	94	94		--1181
94	94	94	94	94	94	94	94	94	94		--1182
94	94	94	94	94	94	94	94	94	94		--1183
94	94	94	94	94	94	94	94	94	94		--1184
94	94	94	94	94	94	94	94	94	94		--1185
94	94	94	94	94	94	94	94	94	94		--1186
94	94	94	94	94	94	94	94	94	94		--1187
94	94	94	94	94	94	94	94	94	94		--1188
94	94	94	94	94	94	94	94	94	94		--1189
94	94	94	94	94	94	94	94	94	94		--1190
94	94	94	94	94	94	94	94	94	94		--1191
94	94	94	94	94	94	94	94	94	94		--1192
94	94	94	95	95	95	95	95	95	95		--1193
95	95	95	95	95	95	95	95	95	95		--1194
95	95	95	95	95	95	95	95	95	95		--1195
95	95	95	95	95	95	95	95	95	95		--1196
95	95	95	95	95	95	95	95	95	95		--1197
95	95	95	95	95	95	95	95	95	95		--1198
95	95	95	95	95	95	95	95	95	95		--1199
95	95	95	95	95	95	95	95	95	95		--1200
95	95	95	95	95	95	95	95	95	95		--1201
95	95	95	95	95	95	95	95	95	95		--1202
95	95	95	95	95	95	95	95	95	95		--1203
95	95	95	95	95	95	95	95	95	95		--1204
95	95	95	95	95	95	95	95	95	96		--1205
96	96	96	96	96	96	96	96	96	96		--1206
96	96	96	96	96	96	96	96	96	96		--1207
96	96	96	96	96	96	96	96	96	96		--1208
96	96	96	96	96	96	96	96	96	96		--1209
96	96	96	96	96	96	96	96	96	96		--1210
96	96	96	96	96	96	96	96	96	96		--1211
96	96	96	96	96	96	96	96	96	96		--1212
96	96	96	96	96	96	96	96	96	96		--1213
96	96	96	96	96	96	96	96	96	96		--1214
96	96	96	96	96	96	96	96	96	96		--1215
96	96	96	96	96	96	96	96	96	96		--1216
96	96	96	96	96	96	96	96	96	96		--1217
96	96	96	96	97	97	97	97	97	97		--1218
97	97	97	97	97	97	97	97	97	97		--1219
97	97	97	97	97	97	97	97	97	97		--1220
97	97	97	97	97	97	97	97	97	97		--1221
97	97	97	97	97	97	97	97	97	97		--1222
97	97	97	97	97	97	97	97	97	97		--1223
97	97	97	97	97	97	97	97	97	97		--1224
97	97	97	97	97	97	97	97	97	97		--1225
97	97	97	97	97	97	97	97	97	97		--1226
97	97	97	97	97	97	97	97	97	97		--1227
97	97	97	97	97	97	97	97	97	97		--1228
97	97	97	97	97	97	97	97	97	97		--1229
97	97	97	97	97	97	97	97	97	97		--1230
98	98	98	98	98	98	98	98	98	98		--1231
98	98	98	98	98	98	98	98	98	98		--1232
98	98	98	98	98	98	98	98	98	98		--1233
98	98	98	98	98	98	98	98	98	98		--1234
98	98	98	98	98	98	98	98	98	98		--1235
98	98	98	98	98	98	98	98	98	98		--1236
98	98	98	98	98	98	98	98	98	98		--1237
98	98	98	98	98	98	98	98	98	98		--1238
98	98	98	98	98	98	98	98	98	98		--1239
98	98	98	98	98	98	98	98	98	98		--1240
98	98	98	98	98	98	98	98	98	98		--1241
98	98	98	98	98	98	98	98	98	98		--1242
98	98	98	98	98	99	99	99	99	99		--1243
99	99	99	99	99	99	99	99	99	99		--1244
99	99	99	99	99	99	99	99	99	99		--1245
99	99	99	99	99	99	99	99	99	99		--1246
99	99	99	99	99	99	99	99	99	99		--1247
99	99	99	99	99	99	99	99	99	99		--1248
99	99	99	99	99	99	99	99	99	99		--1249
99	99	99	99	99	99	99	99	99	99		--1250
99	99	99	99	99	99	99	99	99	99		--1251
99	99	99	99	99	99	99	99	99	99		--1252
99	99	99	99	99	99	99	99	99	99		--1253
99	99	99	99	99	99	99	99	99	99		--1254
99	99	99	99	99	99	99	99	99	99		--1255
