45	6	20	95	52	54	15	29	4	61		--1
63	24	38	13	70	72	33	47	22	79		--2
81	42	56	31	88	90	51	65	40	97		--3
99	60	74	49	6	8	69	83	58	15		--4
17	78	92	67	24	26	87	1	76	33		--5
35	96	10	85	42	44	5	19	94	51		--6
53	14	28	3	60	62	23	37	12	69		--7
71	32	46	21	78	80	41	55	30	87		--8
89	50	64	39	96	98	59	73	48	5		--9
7	68	82	57	14	16	77	91	66	23		--10
25	86	0	75	32	34	95	9	84	41		--11
43	4	18	93	50	52	13	27	2	59		--12
61	22	36	11	68	70	31	45	20	77		--13
79	40	54	29	86	88	49	63	38	95		--14
97	58	72	47	4	6	67	81	56	13		--15
15	76	90	65	22	24	85	99	74	31		--16
33	94	8	83	40	42	3	17	92	49		--17
51	12	26	1	58	60	21	35	10	67		--18
69	30	44	19	76	78	39	53	28	85		--19
87	48	62	37	94	96	57	71	46	3		--20
5	66	80	55	12	14	75	89	64	21		--21
23	84	98	73	30	32	93	7	82	39		--22
41	2	16	91	48	50	11	25	0	57		--23
59	20	34	9	66	68	29	43	18	75		--24
77	38	52	27	84	86	47	61	36	93		--25
95	56	70	45	2	4	65	79	54	11		--26
13	74	88	63	20	22	83	97	72	29		--27
31	92	6	81	38	40	1	15	90	47		--28
49	10	24	99	56	58	19	33	8	65		--29
67	28	42	17	74	76	37	51	26	83		--30
85	46	60	35	92	94	55	69	44	1		--31
3	64	78	53	10	12	73	87	62	19		--32
21	82	96	71	28	30	91	5	80	37		--33
39	0	14	89	46	48	9	23	98	55		--34
57	18	32	7	64	66	27	41	16	73		--35
75	36	50	25	82	84	45	59	34	91		--36
93	54	68	43	0	2	63	77	52	9		--37
11	72	86	61	18	20	81	95	70	27		--38
29	90	4	79	36	38	99	13	88	45		--39
47	8	22	97	54	56	17	31	6	63		--40
65	26	40	15	72	74	35	49	24	81		--41
83	44	58	33	90	92	53	67	42	99		--42
1	62	76	51	8	10	71	85	60	17		--43
19	80	94	69	26	28	89	3	78	35		--44
37	98	12	87	44	46	7	21	96	53		--45
55	16	30	5	62	64	25	39	14	71		--46
73	34	48	23	80	82	43	57	32	89		--47
91	52	66	41	98	0	61	75	50	7		--48
9	70	84	59	16	18	79	93	68	25		--49
27	88	2	77	34	36	97	11	86	43		--50
45	6	20	95	52	54	15	29	4	61		--51
63	24	38	13	70	72	33	47	22	79		--52
81	42	56	31	88	90	51	65	40	97		--53
99	60	74	49	6	8	69	83	58	15		--54
17	78	92	67	24	26	87	1	76	33		--55
35	96	10	85	42	44	5	19	94	51		--56
53	14	28	3	60	62	23	37	12	69		--57
71	32	46	21	78	80	41	55	30	87		--58
89	50	64	39	96	98	59	73	48	5		--59
7	68	82	57	14	16	77	91	66	23		--60
25	86	0	75	32	34	95	9	84	41		--61
43	4	18	93	50	52	13	27	2	59		--62
61	22	36	11	68	70	31	45	20	77		--63
79	40	54	29	86	88	49	63	38	95		--64
97	58	72	47	4	6	67	81	56	13		--65
15	76	90	65	22	24	85	99	74	31		--66
33	94	8	83	40	42	3	17	92	49		--67
51	12	26	1	58	60	21	35	10	67		--68
69	30	44	19	76	78	39	53	28	85		--69
87	48	62	37	94	96	57	71	46	3		--70
5	66	80	55	12	14	75	89	64	21		--71
23	84	98	73	30	32	93	7	82	39		--72
41	2	16	91	48	50	11	25	0	57		--73
59	20	34	9	66	68	29	43	18	75		--74
77	38	52	27	84	86	47	61	36	93		--75
95	56	70	45	2	4	65	79	54	11		--76
13	74	88	63	20	22	83	97	72	29		--77
31	92	6	81	38	40	1	15	90	47		--78
49	10	24	99	56	58	19	33	8	65		--79
67	28	42	17	74	76	37	51	26	83		--80
85	46	60	35	92	94	55	69	44	1		--81
3	64	78	53	10	12	73	87	62	19		--82
21	82	96	71	28	30	91	5	80	37		--83
39	0	14	89	46	48	9	23	98	55		--84
57	18	32	7	64	66	27	41	16	73		--85
75	36	50	25	82	84	45	59	34	91		--86
93	54	68	43	0	2	63	77	52	9		--87
11	72	86	61	18	20	81	95	70	27		--88
29	90	4	79	36	38	99	13	88	45		--89
47	8	22	97	54	56	17	31	6	63		--90
65	26	40	15	72	74	35	49	24	81		--91
83	44	58	33	90	92	53	67	42	99		--92
1	62	76	51	8	10	71	85	60	17		--93
19	80	94	69	26	28	89	3	78	35		--94
37	98	12	87	44	46	7	21	96	53		--95
55	16	30	5	62	64	25	39	14	71		--96
73	34	48	23	80	82	43	57	32	89		--97
91	52	66	41	98	0	61	75	50	7		--98
9	70	84	59	16	18	79	93	68	25		--99
27	88	2	77	34	36	97	11	86	43		--100
45	6	20	95	52	54	15	29	4	61		--101
63	24	38	13	70	72	33	47	22	79		--102
81	42	56	31	88	90	51	65	40	97		--103
99	60	74	49	6	8	69	83	58	15		--104
17	78	92	67	24	26	87	1	76	33		--105
35	96	10	85	42	44	5	19	94	51		--106
53	14	28	3	60	62	23	37	12	69		--107
71	32	46	21	78	80	41	55	30	87		--108
89	50	64	39	96	98	59	73	48	5		--109
7	68	82	57	14	16	77	91	66	23		--110
25	86	0	75	32	34	95	9	84	41		--111
43	4	18	93	50	52	13	27	2	59		--112
61	22	36	11	68	70	31	45	20	77		--113
79	40	54	29	86	88	49	63	38	95		--114
97	58	72	47	4	6	67	81	56	13		--115
15	76	90	65	22	24	85	99	74	31		--116
33	94	8	83	40	42	3	17	92	49		--117
51	12	26	1	58	60	21	35	10	67		--118
69	30	44	19	76	78	39	53	28	85		--119
87	48	62	37	94	96	57	71	46	3		--120
5	66	80	55	12	14	75	89	64	21		--121
23	84	98	73	30	32	93	7	82	39		--122
41	2	16	91	48	50	11	25	0	57		--123
59	20	34	9	66	68	29	43	18	75		--124
77	38	52	27	84	86	47	61	36	93		--125
95	56	70	45	2	4	65	79	54	11		--126
13	74	88	63	20	22	83	97	72	29		--127
31	92	6	81	38	40	1	15	90	47		--128
49	10	24	99	56	58	19	33	8	65		--129
67	28	42	17	74	76	37	51	26	83		--130
85	46	60	35	92	94	55	69	44	1		--131
3	64	78	53	10	12	73	87	62	19		--132
21	82	96	71	28	30	91	5	80	37		--133
39	0	14	89	46	48	9	23	98	55		--134
57	18	32	7	64	66	27	41	16	73		--135
75	36	50	25	82	84	45	59	34	91		--136
93	54	68	43	0	2	63	77	52	9		--137
11	72	86	61	18	20	81	95	70	27		--138
29	90	4	79	36	38	99	13	88	45		--139
47	8	22	97	54	56	17	31	6	63		--140
65	26	40	15	72	74	35	49	24	81		--141
83	44	58	33	90	92	53	67	42	99		--142
1	62	76	51	8	10	71	85	60	17		--143
19	80	94	69	26	28	89	3	78	35		--144
37	98	12	87	44	46	7	21	96	53		--145
55	16	30	5	62	64	25	39	14	71		--146
73	34	48	23	80	82	43	57	32	89		--147
91	52	66	41	98	0	61	75	50	7		--148
9	70	84	59	16	18	79	93	68	25		--149
27	88	2	77	34	36	97	11	86	43		--150
45	6	20	95	52	54	15	29	4	61		--151
63	24	38	13	70	72	33	47	22	79		--152
81	42	56	31	88	90	51	65	40	97		--153
99	60	74	49	6	8	69	83	58	15		--154
17	78	92	67	24	26	87	1	76	33		--155
35	96	10	85	42	44	5	19	94	51		--156
53	14	28	3	60	62	23	37	12	69		--157
71	32	46	21	78	80	41	55	30	87		--158
89	50	64	39	96	98	59	73	48	5		--159
7	68	82	57	14	16	77	91	66	23		--160
25	86	0	75	32	34	95	9	84	41		--161
43	4	18	93	50	52	13	27	2	59		--162
61	22	36	11	68	70	31	45	20	77		--163
79	40	54	29	86	88	49	63	38	95		--164
97	58	72	47	4	6	67	81	56	13		--165
15	76	90	65	22	24	85	99	74	31		--166
33	94	8	83	40	42	3	17	92	49		--167
51	12	26	1	58	60	21	35	10	67		--168
69	30	44	19	76	78	39	53	28	85		--169
87	48	62	37	94	96	57	71	46	3		--170
5	66	80	55	12	14	75	89	64	21		--171
23	84	98	73	30	32	93	7	82	39		--172
41	2	16	91	48	50	11	25	0	57		--173
59	20	34	9	66	68	29	43	18	75		--174
77	38	52	27	84	86	47	61	36	93		--175
95	56	70	45	2	4	65	79	54	11		--176
13	74	88	63	20	22	83	97	72	29		--177
31	92	6	81	38	40	1	15	90	47		--178
49	10	24	99	56	58	19	33	8	65		--179
67	28	42	17	74	76	37	51	26	83		--180
85	46	60	35	92	94	55	69	44	1		--181
3	64	78	53	10	12	73	87	62	19		--182
21	82	96	71	28	30	91	5	80	37		--183
39	0	14	89	46	48	9	23	98	55		--184
57	18	32	7	64	66	27	41	16	73		--185
75	36	50	25	82	84	45	59	34	91		--186
93	54	68	43	0	2	63	77	52	9		--187
11	72	86	61	18	20	81	95	70	27		--188
29	90	4	79	36	38	99	13	88	45		--189
47	8	22	97	54	56	17	31	6	63		--190
65	26	40	15	72	74	35	49	24	81		--191
83	44	58	33	90	92	53	67	42	99		--192
1	62	76	51	8	10	71	85	60	17		--193
19	80	94	69	26	28	89	3	78	35		--194
37	98	12	87	44	46	7	21	96	53		--195
55	16	30	5	62	64	25	39	14	71		--196
73	34	48	23	80	82	43	57	32	89		--197
91	52	66	41	98	0	61	75	50	7		--198
9	70	84	59	16	18	79	93	68	25		--199
27	88	2	77	34	36	97	11	86	43		--200
45	6	20	95	52	54	15	29	4	61		--201
63	24	38	13	70	72	33	47	22	79		--202
81	42	56	31	88	90	51	65	40	97		--203
99	60	74	49	6	8	69	83	58	15		--204
17	78	92	67	24	26	87	1	76	33		--205
35	96	10	85	42	44	5	19	94	51		--206
53	14	28	3	60	62	23	37	12	69		--207
71	32	46	21	78	80	41	55	30	87		--208
89	50	64	39	96	98	59	73	48	5		--209
7	68	82	57	14	16	77	91	66	23		--210
25	86	0	75	32	34	95	9	84	41		--211
43	4	18	93	50	52	13	27	2	59		--212
61	22	36	11	68	70	31	45	20	77		--213
79	40	54	29	86	88	49	63	38	95		--214
97	58	72	47	4	6	67	81	56	13		--215
15	76	90	65	22	24	85	99	74	31		--216
33	94	8	83	40	42	3	17	92	49		--217
51	12	26	1	58	60	21	35	10	67		--218
69	30	44	19	76	78	39	53	28	85		--219
87	48	62	37	94	96	57	71	46	3		--220
5	66	80	55	12	14	75	89	64	21		--221
23	84	98	73	30	32	93	7	82	39		--222
41	2	16	91	48	50	11	25	0	57		--223
59	20	34	9	66	68	29	43	18	75		--224
77	38	52	27	84	86	47	61	36	93		--225
95	56	70	45	2	4	65	79	54	11		--226
13	74	88	63	20	22	83	97	72	29		--227
31	92	6	81	38	40	1	15	90	47		--228
49	10	24	99	56	58	19	33	8	65		--229
67	28	42	17	74	76	37	51	26	83		--230
85	46	60	35	92	94	55	69	44	1		--231
3	64	78	53	10	12	73	87	62	19		--232
21	82	96	71	28	30	91	5	80	37		--233
39	0	14	89	46	48	9	23	98	55		--234
57	18	32	7	64	66	27	41	16	73		--235
75	36	50	25	82	84	45	59	34	91		--236
93	54	68	43	0	2	63	77	52	9		--237
11	72	86	61	18	20	81	95	70	27		--238
29	90	4	79	36	38	99	13	88	45		--239
47	8	22	97	54	56	17	31	6	63		--240
65	26	40	15	72	74	35	49	24	81		--241
83	44	58	33	90	92	53	67	42	99		--242
1	62	76	51	8	10	71	85	60	17		--243
19	80	94	69	26	28	89	3	78	35		--244
37	98	12	87	44	46	7	21	96	53		--245
55	16	30	5	62	64	25	39	14	71		--246
73	34	48	23	80	82	43	57	32	89		--247
91	52	66	41	98	0	61	75	50	7		--248
9	70	84	59	16	18	79	93	68	25		--249
27	88	2	77	34	36	97	11	86	43		--250
45	6	20	95	52	54	15	29	4	61		--251
63	24	38	13	70	72	33	47	22	79		--252
81	42	56	31	88	90	51	65	40	97		--253
99	60	74	49	6	8	69	83	58	15		--254
17	78	92	67	24	26	87	1	76	33		--255
35	96	10	85	42	44	5	19	94	51		--256
53	14	28	3	60	62	23	37	12	69		--257
71	32	46	21	78	80	41	55	30	87		--258
89	50	64	39	96	98	59	73	48	5		--259
7	68	82	57	14	16	77	91	66	23		--260
25	86	0	75	32	34	95	9	84	41		--261
43	4	18	93	50	52	13	27	2	59		--262
61	22	36	11	68	70	31	45	20	77		--263
79	40	54	29	86	88	49	63	38	95		--264
97	58	72	47	4	6	67	81	56	13		--265
15	76	90	65	22	24	85	99	74	31		--266
33	94	8	83	40	42	3	17	92	49		--267
51	12	26	1	58	60	21	35	10	67		--268
69	30	44	19	76	78	39	53	28	85		--269
87	48	62	37	94	96	57	71	46	3		--270
5	66	80	55	12	14	75	89	64	21		--271
23	84	98	73	30	32	93	7	82	39		--272
41	2	16	91	48	50	11	25	0	57		--273
59	20	34	9	66	68	29	43	18	75		--274
77	38	52	27	84	86	47	61	36	93		--275
95	56	70	45	2	4	65	79	54	11		--276
13	74	88	63	20	22	83	97	72	29		--277
31	92	6	81	38	40	1	15	90	47		--278
49	10	24	99	56	58	19	33	8	65		--279
67	28	42	17	74	76	37	51	26	83		--280
85	46	60	35	92	94	55	69	44	1		--281
3	64	78	53	10	12	73	87	62	19		--282
21	82	96	71	28	30	91	5	80	37		--283
39	0	14	89	46	48	9	23	98	55		--284
57	18	32	7	64	66	27	41	16	73		--285
75	36	50	25	82	84	45	59	34	91		--286
93	54	68	43	0	2	63	77	52	9		--287
11	72	86	61	18	20	81	95	70	27		--288
29	90	4	79	36	38	99	13	88	45		--289
47	8	22	97	54	56	17	31	6	63		--290
65	26	40	15	72	74	35	49	24	81		--291
83	44	58	33	90	92	53	67	42	99		--292
1	62	76	51	8	10	71	85	60	17		--293
19	80	94	69	26	28	89	3	78	35		--294
37	98	12	87	44	46	7	21	96	53		--295
55	16	30	5	62	64	25	39	14	71		--296
73	34	48	23	80	82	43	57	32	89		--297
91	52	66	41	98	0	61	75	50	7		--298
9	70	84	59	16	18	79	93	68	25		--299
27	88	2	77	34	36	97	11	86	43		--300
45	6	20	95	52	54	15	29	4	61		--301
63	24	38	13	70	72	33	47	22	79		--302
81	42	56	31	88	90	51	65	40	97		--303
99	60	74	49	6	8	69	83	58	15		--304
17	78	92	67	24	26	87	1	76	33		--305
35	96	10	85	42	44	5	19	94	51		--306
53	14	28	3	60	62	23	37	12	69		--307
71	32	46	21	78	80	41	55	30	87		--308
89	50	64	39	96	98	59	73	48	5		--309
7	68	82	57	14	16	77	91	66	23		--310
25	86	0	75	32	34	95	9	84	41		--311
43	4	18	93	50	52	13	27	2	59		--312
61	22	36	11	68	70	31	45	20	77		--313
79	40	54	29	86	88	49	63	38	95		--314
97	58	72	47	4	6	67	81	56	13		--315
15	76	90	65	22	24	85	99	74	31		--316
33	94	8	83	40	42	3	17	92	49		--317
51	12	26	1	58	60	21	35	10	67		--318
69	30	44	19	76	78	39	53	28	85		--319
87	48	62	37	94	96	57	71	46	3		--320
5	66	80	55	12	14	75	89	64	21		--321
23	84	98	73	30	32	93	7	82	39		--322
41	2	16	91	48	50	11	25	0	57		--323
59	20	34	9	66	68	29	43	18	75		--324
77	38	52	27	84	86	47	61	36	93		--325
95	56	70	45	2	4	65	79	54	11		--326
13	74	88	63	20	22	83	97	72	29		--327
31	92	6	81	38	40	1	15	90	47		--328
49	10	24	99	56	58	19	33	8	65		--329
67	28	42	17	74	76	37	51	26	83		--330
85	46	60	35	92	94	55	69	44	1		--331
3	64	78	53	10	12	73	87	62	19		--332
21	82	96	71	28	30	91	5	80	37		--333
39	0	14	89	46	48	9	23	98	55		--334
57	18	32	7	64	66	27	41	16	73		--335
75	36	50	25	82	84	45	59	34	91		--336
93	54	68	43	0	2	63	77	52	9		--337
11	72	86	61	18	20	81	95	70	27		--338
29	90	4	79	36	38	99	13	88	45		--339
47	8	22	97	54	56	17	31	6	63		--340
65	26	40	15	72	74	35	49	24	81		--341
83	44	58	33	90	92	53	67	42	99		--342
1	62	76	51	8	10	71	85	60	17		--343
19	80	94	69	26	28	89	3	78	35		--344
37	98	12	87	44	46	7	21	96	53		--345
55	16	30	5	62	64	25	39	14	71		--346
73	34	48	23	80	82	43	57	32	89		--347
91	52	66	41	98	0	61	75	50	7		--348
9	70	84	59	16	18	79	93	68	25		--349
27	88	2	77	34	36	97	11	86	43		--350
45	6	20	95	52	54	15	29	4	61		--351
63	24	38	13	70	72	33	47	22	79		--352
81	42	56	31	88	90	51	65	40	97		--353
99	60	74	49	6	8	69	83	58	15		--354
17	78	92	67	24	26	87	1	76	33		--355
35	96	10	85	42	44	5	19	94	51		--356
53	14	28	3	60	62	23	37	12	69		--357
71	32	46	21	78	80	41	55	30	87		--358
89	50	64	39	96	98	59	73	48	5		--359
7	68	82	57	14	16	77	91	66	23		--360
25	86	0	75	32	34	95	9	84	41		--361
43	4	18	93	50	52	13	27	2	59		--362
61	22	36	11	68	70	31	45	20	77		--363
79	40	54	29	86	88	49	63	38	95		--364
97	58	72	47	4	6	67	81	56	13		--365
15	76	90	65	22	24	85	99	74	31		--366
33	94	8	83	40	42	3	17	92	49		--367
51	12	26	1	58	60	21	35	10	67		--368
69	30	44	19	76	78	39	53	28	85		--369
87	48	62	37	94	96	57	71	46	3		--370
5	66	80	55	12	14	75	89	64	21		--371
23	84	98	73	30	32	93	7	82	39		--372
41	2	16	91	48	50	11	25	0	57		--373
59	20	34	9	66	68	29	43	18	75		--374
77	38	52	27	84	86	47	61	36	93		--375
95	56	70	45	2	4	65	79	54	11		--376
13	74	88	63	20	22	83	97	72	29		--377
31	92	6	81	38	40	1	15	90	47		--378
49	10	24	99	56	58	19	33	8	65		--379
67	28	42	17	74	76	37	51	26	83		--380
85	46	60	35	92	94	55	69	44	1		--381
3	64	78	53	10	12	73	87	62	19		--382
21	82	96	71	28	30	91	5	80	37		--383
39	0	14	89	46	48	9	23	98	55		--384
57	18	32	7	64	66	27	41	16	73		--385
75	36	50	25	82	84	45	59	34	91		--386
93	54	68	43	0	2	63	77	52	9		--387
11	72	86	61	18	20	81	95	70	27		--388
29	90	4	79	36	38	99	13	88	45		--389
47	8	22	97	54	56	17	31	6	63		--390
65	26	40	15	72	74	35	49	24	81		--391
83	44	58	33	90	92	53	67	42	99		--392
1	62	76	51	8	10	71	85	60	17		--393
19	80	94	69	26	28	89	3	78	35		--394
37	98	12	87	44	46	7	21	96	53		--395
55	16	30	5	62	64	25	39	14	71		--396
73	34	48	23	80	82	43	57	32	89		--397
91	52	66	41	98	0	61	75	50	7		--398
9	70	84	59	16	18	79	93	68	25		--399
27	88	2	77	34	36	97	11	86	43		--400
45	6	20	95	52	54	15	29	4	61		--401
63	24	38	13	70	72	33	47	22	79		--402
81	42	56	31	88	90	51	65	40	97		--403
99	60	74	49	6	8	69	83	58	15		--404
17	78	92	67	24	26	87	1	76	33		--405
35	96	10	85	42	44	5	19	94	51		--406
53	14	28	3	60	62	23	37	12	69		--407
71	32	46	21	78	80	41	55	30	87		--408
89	50	64	39	96	98	59	73	48	5		--409
7	68	82	57	14	16	77	91	66	23		--410
25	86	0	75	32	34	95	9	84	41		--411
43	4	18	93	50	52	13	27	2	59		--412
61	22	36	11	68	70	31	45	20	77		--413
79	40	54	29	86	88	49	63	38	95		--414
97	58	72	47	4	6	67	81	56	13		--415
15	76	90	65	22	24	85	99	74	31		--416
33	94	8	83	40	42	3	17	92	49		--417
51	12	26	1	58	60	21	35	10	67		--418
69	30	44	19	76	78	39	53	28	85		--419
87	48	62	37	94	96	57	71	46	3		--420
5	66	80	55	12	14	75	89	64	21		--421
23	84	98	73	30	32	93	7	82	39		--422
41	2	16	91	48	50	11	25	0	57		--423
59	20	34	9	66	68	29	43	18	75		--424
77	38	52	27	84	86	47	61	36	93		--425
95	56	70	45	2	4	65	79	54	11		--426
13	74	88	63	20	22	83	97	72	29		--427
31	92	6	81	38	40	1	15	90	47		--428
49	10	24	99	56	58	19	33	8	65		--429
67	28	42	17	74	76	37	51	26	83		--430
85	46	60	35	92	94	55	69	44	1		--431
3	64	78	53	10	12	73	87	62	19		--432
21	82	96	71	28	30	91	5	80	37		--433
39	0	14	89	46	48	9	23	98	55		--434
57	18	32	7	64	66	27	41	16	73		--435
75	36	50	25	82	84	45	59	34	91		--436
93	54	68	43	0	2	63	77	52	9		--437
11	72	86	61	18	20	81	95	70	27		--438
29	90	4	79	36	38	99	13	88	45		--439
47	8	22	97	54	56	17	31	6	63		--440
65	26	40	15	72	74	35	49	24	81		--441
83	44	58	33	90	92	53	67	42	99		--442
1	62	76	51	8	10	71	85	60	17		--443
19	80	94	69	26	28	89	3	78	35		--444
37	98	12	87	44	46	7	21	96	53		--445
55	16	30	5	62	64	25	39	14	71		--446
73	34	48	23	80	82	43	57	32	89		--447
91	52	66	41	98	0	61	75	50	7		--448
9	70	84	59	16	18	79	93	68	25		--449
27	88	2	77	34	36	97	11	86	43		--450
45	6	20	95	52	54	15	29	4	61		--451
63	24	38	13	70	72	33	47	22	79		--452
81	42	56	31	88	90	51	65	40	97		--453
99	60	74	49	6	8	69	83	58	15		--454
17	78	92	67	24	26	87	1	76	33		--455
35	96	10	85	42	44	5	19	94	51		--456
53	14	28	3	60	62	23	37	12	69		--457
71	32	46	21	78	80	41	55	30	87		--458
89	50	64	39	96	98	59	73	48	5		--459
7	68	82	57	14	16	77	91	66	23		--460
25	86	0	75	32	34	95	9	84	41		--461
43	4	18	93	50	52	13	27	2	59		--462
61	22	36	11	68	70	31	45	20	77		--463
79	40	54	29	86	88	49	63	38	95		--464
97	58	72	47	4	6	67	81	56	13		--465
15	76	90	65	22	24	85	99	74	31		--466
33	94	8	83	40	42	3	17	92	49		--467
51	12	26	1	58	60	21	35	10	67		--468
69	30	44	19	76	78	39	53	28	85		--469
87	48	62	37	94	96	57	71	46	3		--470
5	66	80	55	12	14	75	89	64	21		--471
23	84	98	73	30	32	93	7	82	39		--472
41	2	16	91	48	50	11	25	0	57		--473
59	20	34	9	66	68	29	43	18	75		--474
77	38	52	27	84	86	47	61	36	93		--475
95	56	70	45	2	4	65	79	54	11		--476
13	74	88	63	20	22	83	97	72	29		--477
31	92	6	81	38	40	1	15	90	47		--478
49	10	24	99	56	58	19	33	8	65		--479
67	28	42	17	74	76	37	51	26	83		--480
85	46	60	35	92	94	55	69	44	1		--481
3	64	78	53	10	12	73	87	62	19		--482
21	82	96	71	28	30	91	5	80	37		--483
39	0	14	89	46	48	9	23	98	55		--484
57	18	32	7	64	66	27	41	16	73		--485
75	36	50	25	82	84	45	59	34	91		--486
93	54	68	43	0	2	63	77	52	9		--487
11	72	86	61	18	20	81	95	70	27		--488
29	90	4	79	36	38	99	13	88	45		--489
47	8	22	97	54	56	17	31	6	63		--490
65	26	40	15	72	74	35	49	24	81		--491
83	44	58	33	90	92	53	67	42	99		--492
1	62	76	51	8	10	71	85	60	17		--493
19	80	94	69	26	28	89	3	78	35		--494
37	98	12	87	44	46	7	21	96	53		--495
55	16	30	5	62	64	25	39	14	71		--496
73	34	48	23	80	82	43	57	32	89		--497
91	52	66	41	98	0	61	75	50	7		--498
9	70	84	59	16	18	79	93	68	25		--499
27	88	2	77	34	36	97	11	86	43		--500
45	6	20	95	52	54	15	29	4	61		--501
63	24	38	13	70	72	33	47	22	79		--502
81	42	56	31	88	90	51	65	40	97		--503
99	60	74	49	6	8	69	83	58	15		--504
17	78	92	67	24	26	87	1	76	33		--505
35	96	10	85	42	44	5	19	94	51		--506
53	14	28	3	60	62	23	37	12	69		--507
71	32	46	21	78	80	41	55	30	87		--508
89	50	64	39	96	98	59	73	48	5		--509
7	68	82	57	14	16	77	91	66	23		--510
25	86	0	75	32	34	95	9	84	41		--511
43	4	18	93	50	52	13	27	2	59		--512
61	22	36	11	68	70	31	45	20	77		--513
79	40	54	29	86	88	49	63	38	95		--514
97	58	72	47	4	6	67	81	56	13		--515
15	76	90	65	22	24	85	99	74	31		--516
33	94	8	83	40	42	3	17	92	49		--517
51	12	26	1	58	60	21	35	10	67		--518
69	30	44	19	76	78	39	53	28	85		--519
87	48	62	37	94	96	57	71	46	3		--520
5	66	80	55	12	14	75	89	64	21		--521
23	84	98	73	30	32	93	7	82	39		--522
41	2	16	91	48	50	11	25	0	57		--523
59	20	34	9	66	68	29	43	18	75		--524
77	38	52	27	84	86	47	61	36	93		--525
95	56	70	45	2	4	65	79	54	11		--526
13	74	88	63	20	22	83	97	72	29		--527
31	92	6	81	38	40	1	15	90	47		--528
49	10	24	99	56	58	19	33	8	65		--529
67	28	42	17	74	76	37	51	26	83		--530
85	46	60	35	92	94	55	69	44	1		--531
3	64	78	53	10	12	73	87	62	19		--532
21	82	96	71	28	30	91	5	80	37		--533
39	0	14	89	46	48	9	23	98	55		--534
57	18	32	7	64	66	27	41	16	73		--535
75	36	50	25	82	84	45	59	34	91		--536
93	54	68	43	0	2	63	77	52	9		--537
11	72	86	61	18	20	81	95	70	27		--538
29	90	4	79	36	38	99	13	88	45		--539
47	8	22	97	54	56	17	31	6	63		--540
65	26	40	15	72	74	35	49	24	81		--541
83	44	58	33	90	92	53	67	42	99		--542
1	62	76	51	8	10	71	85	60	17		--543
19	80	94	69	26	28	89	3	78	35		--544
37	98	12	87	44	46	7	21	96	53		--545
55	16	30	5	62	64	25	39	14	71		--546
73	34	48	23	80	82	43	57	32	89		--547
91	52	66	41	98	0	61	75	50	7		--548
9	70	84	59	16	18	79	93	68	25		--549
27	88	2	77	34	36	97	11	86	43		--550
45	6	20	95	52	54	15	29	4	61		--551
63	24	38	13	70	72	33	47	22	79		--552
81	42	56	31	88	90	51	65	40	97		--553
99	60	74	49	6	8	69	83	58	15		--554
17	78	92	67	24	26	87	1	76	33		--555
35	96	10	85	42	44	5	19	94	51		--556
53	14	28	3	60	62	23	37	12	69		--557
71	32	46	21	78	80	41	55	30	87		--558
89	50	64	39	96	98	59	73	48	5		--559
7	68	82	57	14	16	77	91	66	23		--560
25	86	0	75	32	34	95	9	84	41		--561
43	4	18	93	50	52	13	27	2	59		--562
61	22	36	11	68	70	31	45	20	77		--563
79	40	54	29	86	88	49	63	38	95		--564
97	58	72	47	4	6	67	81	56	13		--565
15	76	90	65	22	24	85	99	74	31		--566
33	94	8	83	40	42	3	17	92	49		--567
51	12	26	1	58	60	21	35	10	67		--568
69	30	44	19	76	78	39	53	28	85		--569
87	48	62	37	94	96	57	71	46	3		--570
5	66	80	55	12	14	75	89	64	21		--571
23	84	98	73	30	32	93	7	82	39		--572
41	2	16	91	48	50	11	25	0	57		--573
59	20	34	9	66	68	29	43	18	75		--574
77	38	52	27	84	86	47	61	36	93		--575
95	56	70	45	2	4	65	79	54	11		--576
13	74	88	63	20	22	83	97	72	29		--577
31	92	6	81	38	40	1	15	90	47		--578
49	10	24	99	56	58	19	33	8	65		--579
67	28	42	17	74	76	37	51	26	83		--580
85	46	60	35	92	94	55	69	44	1		--581
3	64	78	53	10	12	73	87	62	19		--582
21	82	96	71	28	30	91	5	80	37		--583
39	0	14	89	46	48	9	23	98	55		--584
57	18	32	7	64	66	27	41	16	73		--585
75	36	50	25	82	84	45	59	34	91		--586
93	54	68	43	0	2	63	77	52	9		--587
11	72	86	61	18	20	81	95	70	27		--588
29	90	4	79	36	38	99	13	88	45		--589
47	8	22	97	54	56	17	31	6	63		--590
65	26	40	15	72	74	35	49	24	81		--591
83	44	58	33	90	92	53	67	42	99		--592
1	62	76	51	8	10	71	85	60	17		--593
19	80	94	69	26	28	89	3	78	35		--594
37	98	12	87	44	46	7	21	96	53		--595
55	16	30	5	62	64	25	39	14	71		--596
73	34	48	23	80	82	43	57	32	89		--597
91	52	66	41	98	0	61	75	50	7		--598
9	70	84	59	16	18	79	93	68	25		--599
27	88	2	77	34	36	97	11	86	43		--600
45	6	20	95	52	54	15	29	4	61		--601
63	24	38	13	70	72	33	47	22	79		--602
81	42	56	31	88	90	51	65	40	97		--603
99	60	74	49	6	8	69	83	58	15		--604
17	78	92	67	24	26	87	1	76	33		--605
35	96	10	85	42	44	5	19	94	51		--606
53	14	28	3	60	62	23	37	12	69		--607
71	32	46	21	78	80	41	55	30	87		--608
89	50	64	39	96	98	59	73	48	5		--609
7	68	82	57	14	16	77	91	66	23		--610
25	86	0	75	32	34	95	9	84	41		--611
43	4	18	93	50	52	13	27	2	59		--612
61	22	36	11	68	70	31	45	20	77		--613
79	40	54	29	86	88	49	63	38	95		--614
97	58	72	47	4	6	67	81	56	13		--615
15	76	90	65	22	24	85	99	74	31		--616
33	94	8	83	40	42	3	17	92	49		--617
51	12	26	1	58	60	21	35	10	67		--618
69	30	44	19	76	78	39	53	28	85		--619
87	48	62	37	94	96	57	71	46	3		--620
5	66	80	55	12	14	75	89	64	21		--621
23	84	98	73	30	32	93	7	82	39		--622
41	2	16	91	48	50	11	25	0	57		--623
59	20	34	9	66	68	29	43	18	75		--624
77	38	52	27	84	86	47	61	36	93		--625
95	56	70	45	2	4	65	79	54	11		--626
13	74	88	63	20	22	83	97	72	29		--627
31	92	6	81	38	40	1	15	90	47		--628
49	10	24	99	56	58	19	33	8	65		--629
67	28	42	17	74	76	37	51	26	83		--630
85	46	60	35	92	94	55	69	44	1		--631
3	64	78	53	10	12	73	87	62	19		--632
21	82	96	71	28	30	91	5	80	37		--633
39	0	14	89	46	48	9	23	98	55		--634
57	18	32	7	64	66	27	41	16	73		--635
75	36	50	25	82	84	45	59	34	91		--636
93	54	68	43	0	2	63	77	52	9		--637
11	72	86	61	18	20	81	95	70	27		--638
29	90	4	79	36	38	99	13	88	45		--639
47	8	22	97	54	56	17	31	6	63		--640
65	26	40	15	72	74	35	49	24	81		--641
83	44	58	33	90	92	53	67	42	99		--642
1	62	76	51	8	10	71	85	60	17		--643
19	80	94	69	26	28	89	3	78	35		--644
37	98	12	87	44	46	7	21	96	53		--645
55	16	30	5	62	64	25	39	14	71		--646
73	34	48	23	80	82	43	57	32	89		--647
91	52	66	41	98	0	61	75	50	7		--648
9	70	84	59	16	18	79	93	68	25		--649
27	88	2	77	34	36	97	11	86	43		--650
45	6	20	95	52	54	15	29	4	61		--651
63	24	38	13	70	72	33	47	22	79		--652
81	42	56	31	88	90	51	65	40	97		--653
99	60	74	49	6	8	69	83	58	15		--654
17	78	92	67	24	26	87	1	76	33		--655
35	96	10	85	42	44	5	19	94	51		--656
53	14	28	3	60	62	23	37	12	69		--657
71	32	46	21	78	80	41	55	30	87		--658
89	50	64	39	96	98	59	73	48	5		--659
7	68	82	57	14	16	77	91	66	23		--660
25	86	0	75	32	34	95	9	84	41		--661
43	4	18	93	50	52	13	27	2	59		--662
61	22	36	11	68	70	31	45	20	77		--663
79	40	54	29	86	88	49	63	38	95		--664
97	58	72	47	4	6	67	81	56	13		--665
15	76	90	65	22	24	85	99	74	31		--666
33	94	8	83	40	42	3	17	92	49		--667
51	12	26	1	58	60	21	35	10	67		--668
69	30	44	19	76	78	39	53	28	85		--669
87	48	62	37	94	96	57	71	46	3		--670
5	66	80	55	12	14	75	89	64	21		--671
23	84	98	73	30	32	93	7	82	39		--672
41	2	16	91	48	50	11	25	0	57		--673
59	20	34	9	66	68	29	43	18	75		--674
77	38	52	27	84	86	47	61	36	93		--675
95	56	70	45	2	4	65	79	54	11		--676
13	74	88	63	20	22	83	97	72	29		--677
31	92	6	81	38	40	1	15	90	47		--678
49	10	24	99	56	58	19	33	8	65		--679
67	28	42	17	74	76	37	51	26	83		--680
85	46	60	35	92	94	55	69	44	1		--681
3	64	78	53	10	12	73	87	62	19		--682
21	82	96	71	28	30	91	5	80	37		--683
39	0	14	89	46	48	9	23	98	55		--684
57	18	32	7	64	66	27	41	16	73		--685
75	36	50	25	82	84	45	59	34	91		--686
93	54	68	43	0	2	63	77	52	9		--687
11	72	86	61	18	20	81	95	70	27		--688
29	90	4	79	36	38	99	13	88	45		--689
47	8	22	97	54	56	17	31	6	63		--690
65	26	40	15	72	74	35	49	24	81		--691
83	44	58	33	90	92	53	67	42	99		--692
1	62	76	51	8	10	71	85	60	17		--693
19	80	94	69	26	28	89	3	78	35		--694
37	98	12	87	44	46	7	21	96	53		--695
55	16	30	5	62	64	25	39	14	71		--696
73	34	48	23	80	82	43	57	32	89		--697
91	52	66	41	98	0	61	75	50	7		--698
9	70	84	59	16	18	79	93	68	25		--699
27	88	2	77	34	36	97	11	86	43		--700
45	6	20	95	52	54	15	29	4	61		--701
63	24	38	13	70	72	33	47	22	79		--702
81	42	56	31	88	90	51	65	40	97		--703
99	60	74	49	6	8	69	83	58	15		--704
17	78	92	67	24	26	87	1	76	33		--705
35	96	10	85	42	44	5	19	94	51		--706
53	14	28	3	60	62	23	37	12	69		--707
71	32	46	21	78	80	41	55	30	87		--708
89	50	64	39	96	98	59	73	48	5		--709
7	68	82	57	14	16	77	91	66	23		--710
25	86	0	75	32	34	95	9	84	41		--711
43	4	18	93	50	52	13	27	2	59		--712
61	22	36	11	68	70	31	45	20	77		--713
79	40	54	29	86	88	49	63	38	95		--714
97	58	72	47	4	6	67	81	56	13		--715
15	76	90	65	22	24	85	99	74	31		--716
33	94	8	83	40	42	3	17	92	49		--717
51	12	26	1	58	60	21	35	10	67		--718
69	30	44	19	76	78	39	53	28	85		--719
87	48	62	37	94	96	57	71	46	3		--720
5	66	80	55	12	14	75	89	64	21		--721
23	84	98	73	30	32	93	7	82	39		--722
41	2	16	91	48	50	11	25	0	57		--723
59	20	34	9	66	68	29	43	18	75		--724
77	38	52	27	84	86	47	61	36	93		--725
95	56	70	45	2	4	65	79	54	11		--726
13	74	88	63	20	22	83	97	72	29		--727
31	92	6	81	38	40	1	15	90	47		--728
49	10	24	99	56	58	19	33	8	65		--729
67	28	42	17	74	76	37	51	26	83		--730
85	46	60	35	92	94	55	69	44	1		--731
3	64	78	53	10	12	73	87	62	19		--732
21	82	96	71	28	30	91	5	80	37		--733
39	0	14	89	46	48	9	23	98	55		--734
57	18	32	7	64	66	27	41	16	73		--735
75	36	50	25	82	84	45	59	34	91		--736
93	54	68	43	0	2	63	77	52	9		--737
11	72	86	61	18	20	81	95	70	27		--738
29	90	4	79	36	38	99	13	88	45		--739
47	8	22	97	54	56	17	31	6	63		--740
65	26	40	15	72	74	35	49	24	81		--741
83	44	58	33	90	92	53	67	42	99		--742
1	62	76	51	8	10	71	85	60	17		--743
19	80	94	69	26	28	89	3	78	35		--744
37	98	12	87	44	46	7	21	96	53		--745
55	16	30	5	62	64	25	39	14	71		--746
73	34	48	23	80	82	43	57	32	89		--747
91	52	66	41	98	0	61	75	50	7		--748
9	70	84	59	16	18	79	93	68	25		--749
27	88	2	77	34	36	97	11	86	43		--750
45	6	20	95	52	54	15	29	4	61		--751
63	24	38	13	70	72	33	47	22	79		--752
81	42	56	31	88	90	51	65	40	97		--753
99	60	74	49	6	8	69	83	58	15		--754
17	78	92	67	24	26	87	1	76	33		--755
35	96	10	85	42	44	5	19	94	51		--756
53	14	28	3	60	62	23	37	12	69		--757
71	32	46	21	78	80	41	55	30	87		--758
89	50	64	39	96	98	59	73	48	5		--759
7	68	82	57	14	16	77	91	66	23		--760
25	86	0	75	32	34	95	9	84	41		--761
43	4	18	93	50	52	13	27	2	59		--762
61	22	36	11	68	70	31	45	20	77		--763
79	40	54	29	86	88	49	63	38	95		--764
97	58	72	47	4	6	67	81	56	13		--765
15	76	90	65	22	24	85	99	74	31		--766
33	94	8	83	40	42	3	17	92	49		--767
51	12	26	1	58	60	21	35	10	67		--768
69	30	44	19	76	78	39	53	28	85		--769
87	48	62	37	94	96	57	71	46	3		--770
5	66	80	55	12	14	75	89	64	21		--771
23	84	98	73	30	32	93	7	82	39		--772
41	2	16	91	48	50	11	25	0	57		--773
59	20	34	9	66	68	29	43	18	75		--774
77	38	52	27	84	86	47	61	36	93		--775
95	56	70	45	2	4	65	79	54	11		--776
13	74	88	63	20	22	83	97	72	29		--777
31	92	6	81	38	40	1	15	90	47		--778
49	10	24	99	56	58	19	33	8	65		--779
67	28	42	17	74	76	37	51	26	83		--780
85	46	60	35	92	94	55	69	44	1		--781
3	64	78	53	10	12	73	87	62	19		--782
21	82	96	71	28	30	91	5	80	37		--783
39	0	14	89	46	48	9	23	98	55		--784
57	18	32	7	64	66	27	41	16	73		--785
75	36	50	25	82	84	45	59	34	91		--786
93	54	68	43	0	2	63	77	52	9		--787
11	72	86	61	18	20	81	95	70	27		--788
29	90	4	79	36	38	99	13	88	45		--789
47	8	22	97	54	56	17	31	6	63		--790
65	26	40	15	72	74	35	49	24	81		--791
83	44	58	33	90	92	53	67	42	99		--792
1	62	76	51	8	10	71	85	60	17		--793
19	80	94	69	26	28	89	3	78	35		--794
37	98	12	87	44	46	7	21	96	53		--795
55	16	30	5	62	64	25	39	14	71		--796
73	34	48	23	80	82	43	57	32	89		--797
91	52	66	41	98	0	61	75	50	7		--798
9	70	84	59	16	18	79	93	68	25		--799
27	88	2	77	34	36	97	11	86	43		--800
45	6	20	95	52	54	15	29	4	61		--801
63	24	38	13	70	72	33	47	22	79		--802
81	42	56	31	88	90	51	65	40	97		--803
99	60	74	49	6	8	69	83	58	15		--804
17	78	92	67	24	26	87	1	76	33		--805
35	96	10	85	42	44	5	19	94	51		--806
53	14	28	3	60	62	23	37	12	69		--807
71	32	46	21	78	80	41	55	30	87		--808
89	50	64	39	96	98	59	73	48	5		--809
7	68	82	57	14	16	77	91	66	23		--810
25	86	0	75	32	34	95	9	84	41		--811
43	4	18	93	50	52	13	27	2	59		--812
61	22	36	11	68	70	31	45	20	77		--813
79	40	54	29	86	88	49	63	38	95		--814
97	58	72	47	4	6	67	81	56	13		--815
15	76	90	65	22	24	85	99	74	31		--816
33	94	8	83	40	42	3	17	92	49		--817
51	12	26	1	58	60	21	35	10	67		--818
69	30	44	19	76	78	39	53	28	85		--819
87	48	62	37	94	96	57	71	46	3		--820
5	66	80	55	12	14	75	89	64	21		--821
23	84	98	73	30	32	93	7	82	39		--822
41	2	16	91	48	50	11	25	0	57		--823
59	20	34	9	66	68	29	43	18	75		--824
77	38	52	27	84	86	47	61	36	93		--825
95	56	70	45	2	4	65	79	54	11		--826
13	74	88	63	20	22	83	97	72	29		--827
31	92	6	81	38	40	1	15	90	47		--828
49	10	24	99	56	58	19	33	8	65		--829
67	28	42	17	74	76	37	51	26	83		--830
85	46	60	35	92	94	55	69	44	1		--831
3	64	78	53	10	12	73	87	62	19		--832
21	82	96	71	28	30	91	5	80	37		--833
39	0	14	89	46	48	9	23	98	55		--834
57	18	32	7	64	66	27	41	16	73		--835
75	36	50	25	82	84	45	59	34	91		--836
93	54	68	43	0	2	63	77	52	9		--837
11	72	86	61	18	20	81	95	70	27		--838
29	90	4	79	36	38	99	13	88	45		--839
47	8	22	97	54	56	17	31	6	63		--840
65	26	40	15	72	74	35	49	24	81		--841
83	44	58	33	90	92	53	67	42	99		--842
1	62	76	51	8	10	71	85	60	17		--843
19	80	94	69	26	28	89	3	78	35		--844
37	98	12	87	44	46	7	21	96	53		--845
55	16	30	5	62	64	25	39	14	71		--846
73	34	48	23	80	82	43	57	32	89		--847
91	52	66	41	98	0	61	75	50	7		--848
9	70	84	59	16	18	79	93	68	25		--849
27	88	2	77	34	36	97	11	86	43		--850
45	6	20	95	52	54	15	29	4	61		--851
63	24	38	13	70	72	33	47	22	79		--852
81	42	56	31	88	90	51	65	40	97		--853
99	60	74	49	6	8	69	83	58	15		--854
17	78	92	67	24	26	87	1	76	33		--855
35	96	10	85	42	44	5	19	94	51		--856
53	14	28	3	60	62	23	37	12	69		--857
71	32	46	21	78	80	41	55	30	87		--858
89	50	64	39	96	98	59	73	48	5		--859
7	68	82	57	14	16	77	91	66	23		--860
25	86	0	75	32	34	95	9	84	41		--861
43	4	18	93	50	52	13	27	2	59		--862
61	22	36	11	68	70	31	45	20	77		--863
79	40	54	29	86	88	49	63	38	95		--864
97	58	72	47	4	6	67	81	56	13		--865
15	76	90	65	22	24	85	99	74	31		--866
33	94	8	83	40	42	3	17	92	49		--867
51	12	26	1	58	60	21	35	10	67		--868
69	30	44	19	76	78	39	53	28	85		--869
87	48	62	37	94	96	57	71	46	3		--870
5	66	80	55	12	14	75	89	64	21		--871
23	84	98	73	30	32	93	7	82	39		--872
41	2	16	91	48	50	11	25	0	57		--873
59	20	34	9	66	68	29	43	18	75		--874
77	38	52	27	84	86	47	61	36	93		--875
95	56	70	45	2	4	65	79	54	11		--876
13	74	88	63	20	22	83	97	72	29		--877
31	92	6	81	38	40	1	15	90	47		--878
49	10	24	99	56	58	19	33	8	65		--879
67	28	42	17	74	76	37	51	26	83		--880
85	46	60	35	92	94	55	69	44	1		--881
3	64	78	53	10	12	73	87	62	19		--882
21	82	96	71	28	30	91	5	80	37		--883
39	0	14	89	46	48	9	23	98	55		--884
57	18	32	7	64	66	27	41	16	73		--885
75	36	50	25	82	84	45	59	34	91		--886
93	54	68	43	0	2	63	77	52	9		--887
11	72	86	61	18	20	81	95	70	27		--888
29	90	4	79	36	38	99	13	88	45		--889
47	8	22	97	54	56	17	31	6	63		--890
65	26	40	15	72	74	35	49	24	81		--891
83	44	58	33	90	92	53	67	42	99		--892
1	62	76	51	8	10	71	85	60	17		--893
19	80	94	69	26	28	89	3	78	35		--894
37	98	12	87	44	46	7	21	96	53		--895
55	16	30	5	62	64	25	39	14	71		--896
73	34	48	23	80	82	43	57	32	89		--897
91	52	66	41	98	0	61	75	50	7		--898
9	70	84	59	16	18	79	93	68	25		--899
27	88	2	77	34	36	97	11	86	43		--900
45	6	20	95	52	54	15	29	4	61		--901
63	24	38	13	70	72	33	47	22	79		--902
81	42	56	31	88	90	51	65	40	97		--903
99	60	74	49	6	8	69	83	58	15		--904
17	78	92	67	24	26	87	1	76	33		--905
35	96	10	85	42	44	5	19	94	51		--906
53	14	28	3	60	62	23	37	12	69		--907
71	32	46	21	78	80	41	55	30	87		--908
89	50	64	39	96	98	59	73	48	5		--909
7	68	82	57	14	16	77	91	66	23		--910
25	86	0	75	32	34	95	9	84	41		--911
43	4	18	93	50	52	13	27	2	59		--912
61	22	36	11	68	70	31	45	20	77		--913
79	40	54	29	86	88	49	63	38	95		--914
97	58	72	47	4	6	67	81	56	13		--915
15	76	90	65	22	24	85	99	74	31		--916
33	94	8	83	40	42	3	17	92	49		--917
51	12	26	1	58	60	21	35	10	67		--918
69	30	44	19	76	78	39	53	28	85		--919
87	48	62	37	94	96	57	71	46	3		--920
5	66	80	55	12	14	75	89	64	21		--921
23	84	98	73	30	32	93	7	82	39		--922
41	2	16	91	48	50	11	25	0	57		--923
59	20	34	9	66	68	29	43	18	75		--924
77	38	52	27	84	86	47	61	36	93		--925
95	56	70	45	2	4	65	79	54	11		--926
13	74	88	63	20	22	83	97	72	29		--927
31	92	6	81	38	40	1	15	90	47		--928
49	10	24	99	56	58	19	33	8	65		--929
67	28	42	17	74	76	37	51	26	83		--930
85	46	60	35	92	94	55	69	44	1		--931
3	64	78	53	10	12	73	87	62	19		--932
21	82	96	71	28	30	91	5	80	37		--933
39	0	14	89	46	48	9	23	98	55		--934
57	18	32	7	64	66	27	41	16	73		--935
75	36	50	25	82	84	45	59	34	91		--936
93	54	68	43	0	2	63	77	52	9		--937
11	72	86	61	18	20	81	95	70	27		--938
29	90	4	79	36	38	99	13	88	45		--939
47	8	22	97	54	56	17	31	6	63		--940
65	26	40	15	72	74	35	49	24	81		--941
83	44	58	33	90	92	53	67	42	99		--942
1	62	76	51	8	10	71	85	60	17		--943
19	80	94	69	26	28	89	3	78	35		--944
37	98	12	87	44	46	7	21	96	53		--945
55	16	30	5	62	64	25	39	14	71		--946
73	34	48	23	80	82	43	57	32	89		--947
91	52	66	41	98	0	61	75	50	7		--948
9	70	84	59	16	18	79	93	68	25		--949
27	88	2	77	34	36	97	11	86	43		--950
45	6	20	95	52	54	15	29	4	61		--951
63	24	38	13	70	72	33	47	22	79		--952
81	42	56	31	88	90	51	65	40	97		--953
99	60	74	49	6	8	69	83	58	15		--954
17	78	92	67	24	26	87	1	76	33		--955
35	96	10	85	42	44	5	19	94	51		--956
53	14	28	3	60	62	23	37	12	69		--957
71	32	46	21	78	80	41	55	30	87		--958
89	50	64	39	96	98	59	73	48	5		--959
7	68	82	57	14	16	77	91	66	23		--960
25	86	0	75	32	34	95	9	84	41		--961
43	4	18	93	50	52	13	27	2	59		--962
61	22	36	11	68	70	31	45	20	77		--963
79	40	54	29	86	88	49	63	38	95		--964
97	58	72	47	4	6	67	81	56	13		--965
15	76	90	65	22	24	85	99	74	31		--966
33	94	8	83	40	42	3	17	92	49		--967
51	12	26	1	58	60	21	35	10	67		--968
69	30	44	19	76	78	39	53	28	85		--969
87	48	62	37	94	96	57	71	46	3		--970
5	66	80	55	12	14	75	89	64	21		--971
23	84	98	73	30	32	93	7	82	39		--972
41	2	16	91	48	50	11	25	0	57		--973
59	20	34	9	66	68	29	43	18	75		--974
77	38	52	27	84	86	47	61	36	93		--975
95	56	70	45	2	4	65	79	54	11		--976
13	74	88	63	20	22	83	97	72	29		--977
31	92	6	81	38	40	1	15	90	47		--978
49	10	24	99	56	58	19	33	8	65		--979
67	28	42	17	74	76	37	51	26	83		--980
85	46	60	35	92	94	55	69	44	1		--981
3	64	78	53	10	12	73	87	62	19		--982
21	82	96	71	28	30	91	5	80	37		--983
39	0	14	89	46	48	9	23	98	55		--984
57	18	32	7	64	66	27	41	16	73		--985
75	36	50	25	82	84	45	59	34	91		--986
93	54	68	43	0	2	63	77	52	9		--987
11	72	86	61	18	20	81	95	70	27		--988
29	90	4	79	36	38	99	13	88	45		--989
47	8	22	97	54	56	17	31	6	63		--990
65	26	40	15	72	74	35	49	24	81		--991
83	44	58	33	90	92	53	67	42	99		--992
1	62	76	51	8	10	71	85	60	17		--993
19	80	94	69	26	28	89	3	78	35		--994
37	98	12	87	44	46	7	21	96	53		--995
55	16	30	5	62	64	25	39	14	71		--996
73	34	48	23	80	82	43	57	32	89		--997
91	52	66	41	98	0	61	75	50	7		--998
9	70	84	59	16	18	79	93	68	25		--999
27	88	2	77	34	36	97	11	86	43		--1000
45	6	20	95	52	54	15	29	4	61		--1001
63	24	38	13	70	72	33	47	22	79		--1002
81	42	56	31	88	90	51	65	40	97		--1003
99	60	74	49	6	8	69	83	58	15		--1004
17	78	92	67	24	26	87	1	76	33		--1005
35	96	10	85	42	44	5	19	94	51		--1006
53	14	28	3	60	62	23	37	12	69		--1007
71	32	46	21	78	80	41	55	30	87		--1008
89	50	64	39	96	98	59	73	48	5		--1009
7	68	82	57	14	16	77	91	66	23		--1010
25	86	0	75	32	34	95	9	84	41		--1011
43	4	18	93	50	52	13	27	2	59		--1012
61	22	36	11	68	70	31	45	20	77		--1013
79	40	54	29	86	88	49	63	38	95		--1014
97	58	72	47	4	6	67	81	56	13		--1015
15	76	90	65	22	24	85	99	74	31		--1016
33	94	8	83	40	42	3	17	92	49		--1017
51	12	26	1	58	60	21	35	10	67		--1018
69	30	44	19	76	78	39	53	28	85		--1019
87	48	62	37	94	96	57	71	46	3		--1020
5	66	80	55	12	14	75	89	64	21		--1021
23	84	98	73	30	32	93	7	82	39		--1022
41	2	16	91	48	50	11	25	0	57		--1023
59	20	34	9	66	68	29	43	18	75		--1024
77	38	52	27	84	86	47	61	36	93		--1025
95	56	70	45	2	4	65	79	54	11		--1026
13	74	88	63	20	22	83	97	72	29		--1027
31	92	6	81	38	40	1	15	90	47		--1028
49	10	24	99	56	58	19	33	8	65		--1029
67	28	42	17	74	76	37	51	26	83		--1030
85	46	60	35	92	94	55	69	44	1		--1031
3	64	78	53	10	12	73	87	62	19		--1032
21	82	96	71	28	30	91	5	80	37		--1033
39	0	14	89	46	48	9	23	98	55		--1034
57	18	32	7	64	66	27	41	16	73		--1035
75	36	50	25	82	84	45	59	34	91		--1036
93	54	68	43	0	2	63	77	52	9		--1037
11	72	86	61	18	20	81	95	70	27		--1038
29	90	4	79	36	38	99	13	88	45		--1039
47	8	22	97	54	56	17	31	6	63		--1040
65	26	40	15	72	74	35	49	24	81		--1041
83	44	58	33	90	92	53	67	42	99		--1042
1	62	76	51	8	10	71	85	60	17		--1043
19	80	94	69	26	28	89	3	78	35		--1044
37	98	12	87	44	46	7	21	96	53		--1045
55	16	30	5	62	64	25	39	14	71		--1046
73	34	48	23	80	82	43	57	32	89		--1047
91	52	66	41	98	0	61	75	50	7		--1048
9	70	84	59	16	18	79	93	68	25		--1049
27	88	2	77	34	36	97	11	86	43		--1050
45	6	20	95	52	54	15	29	4	61		--1051
63	24	38	13	70	72	33	47	22	79		--1052
81	42	56	31	88	90	51	65	40	97		--1053
99	60	74	49	6	8	69	83	58	15		--1054
17	78	92	67	24	26	87	1	76	33		--1055
35	96	10	85	42	44	5	19	94	51		--1056
53	14	28	3	60	62	23	37	12	69		--1057
71	32	46	21	78	80	41	55	30	87		--1058
89	50	64	39	96	98	59	73	48	5		--1059
7	68	82	57	14	16	77	91	66	23		--1060
25	86	0	75	32	34	95	9	84	41		--1061
43	4	18	93	50	52	13	27	2	59		--1062
61	22	36	11	68	70	31	45	20	77		--1063
79	40	54	29	86	88	49	63	38	95		--1064
97	58	72	47	4	6	67	81	56	13		--1065
15	76	90	65	22	24	85	99	74	31		--1066
33	94	8	83	40	42	3	17	92	49		--1067
51	12	26	1	58	60	21	35	10	67		--1068
69	30	44	19	76	78	39	53	28	85		--1069
87	48	62	37	94	96	57	71	46	3		--1070
5	66	80	55	12	14	75	89	64	21		--1071
23	84	98	73	30	32	93	7	82	39		--1072
41	2	16	91	48	50	11	25	0	57		--1073
59	20	34	9	66	68	29	43	18	75		--1074
77	38	52	27	84	86	47	61	36	93		--1075
95	56	70	45	2	4	65	79	54	11		--1076
13	74	88	63	20	22	83	97	72	29		--1077
31	92	6	81	38	40	1	15	90	47		--1078
49	10	24	99	56	58	19	33	8	65		--1079
67	28	42	17	74	76	37	51	26	83		--1080
85	46	60	35	92	94	55	69	44	1		--1081
3	64	78	53	10	12	73	87	62	19		--1082
21	82	96	71	28	30	91	5	80	37		--1083
39	0	14	89	46	48	9	23	98	55		--1084
57	18	32	7	64	66	27	41	16	73		--1085
75	36	50	25	82	84	45	59	34	91		--1086
93	54	68	43	0	2	63	77	52	9		--1087
11	72	86	61	18	20	81	95	70	27		--1088
29	90	4	79	36	38	99	13	88	45		--1089
47	8	22	97	54	56	17	31	6	63		--1090
65	26	40	15	72	74	35	49	24	81		--1091
83	44	58	33	90	92	53	67	42	99		--1092
1	62	76	51	8	10	71	85	60	17		--1093
19	80	94	69	26	28	89	3	78	35		--1094
37	98	12	87	44	46	7	21	96	53		--1095
55	16	30	5	62	64	25	39	14	71		--1096
73	34	48	23	80	82	43	57	32	89		--1097
91	52	66	41	98	0	61	75	50	7		--1098
9	70	84	59	16	18	79	93	68	25		--1099
27	88	2	77	34	36	97	11	86	43		--1100
45	6	20	95	52	54	15	29	4	61		--1101
63	24	38	13	70	72	33	47	22	79		--1102
81	42	56	31	88	90	51	65	40	97		--1103
99	60	74	49	6	8	69	83	58	15		--1104
17	78	92	67	24	26	87	1	76	33		--1105
35	96	10	85	42	44	5	19	94	51		--1106
53	14	28	3	60	62	23	37	12	69		--1107
71	32	46	21	78	80	41	55	30	87		--1108
89	50	64	39	96	98	59	73	48	5		--1109
7	68	82	57	14	16	77	91	66	23		--1110
25	86	0	75	32	34	95	9	84	41		--1111
43	4	18	93	50	52	13	27	2	59		--1112
61	22	36	11	68	70	31	45	20	77		--1113
79	40	54	29	86	88	49	63	38	95		--1114
97	58	72	47	4	6	67	81	56	13		--1115
15	76	90	65	22	24	85	99	74	31		--1116
33	94	8	83	40	42	3	17	92	49		--1117
51	12	26	1	58	60	21	35	10	67		--1118
69	30	44	19	76	78	39	53	28	85		--1119
87	48	62	37	94	96	57	71	46	3		--1120
5	66	80	55	12	14	75	89	64	21		--1121
23	84	98	73	30	32	93	7	82	39		--1122
41	2	16	91	48	50	11	25	0	57		--1123
59	20	34	9	66	68	29	43	18	75		--1124
77	38	52	27	84	86	47	61	36	93		--1125
95	56	70	45	2	4	65	79	54	11		--1126
13	74	88	63	20	22	83	97	72	29		--1127
31	92	6	81	38	40	1	15	90	47		--1128
49	10	24	99	56	58	19	33	8	65		--1129
67	28	42	17	74	76	37	51	26	83		--1130
85	46	60	35	92	94	55	69	44	1		--1131
3	64	78	53	10	12	73	87	62	19		--1132
21	82	96	71	28	30	91	5	80	37		--1133
39	0	14	89	46	48	9	23	98	55		--1134
57	18	32	7	64	66	27	41	16	73		--1135
75	36	50	25	82	84	45	59	34	91		--1136
93	54	68	43	0	2	63	77	52	9		--1137
11	72	86	61	18	20	81	95	70	27		--1138
29	90	4	79	36	38	99	13	88	45		--1139
47	8	22	97	54	56	17	31	6	63		--1140
65	26	40	15	72	74	35	49	24	81		--1141
83	44	58	33	90	92	53	67	42	99		--1142
1	62	76	51	8	10	71	85	60	17		--1143
19	80	94	69	26	28	89	3	78	35		--1144
37	98	12	87	44	46	7	21	96	53		--1145
55	16	30	5	62	64	25	39	14	71		--1146
73	34	48	23	80	82	43	57	32	89		--1147
91	52	66	41	98	0	61	75	50	7		--1148
9	70	84	59	16	18	79	93	68	25		--1149
27	88	2	77	34	36	97	11	86	43		--1150
45	6	20	95	52	54	15	29	4	61		--1151
63	24	38	13	70	72	33	47	22	79		--1152
81	42	56	31	88	90	51	65	40	97		--1153
99	60	74	49	6	8	69	83	58	15		--1154
17	78	92	67	24	26	87	1	76	33		--1155
35	96	10	85	42	44	5	19	94	51		--1156
53	14	28	3	60	62	23	37	12	69		--1157
71	32	46	21	78	80	41	55	30	87		--1158
89	50	64	39	96	98	59	73	48	5		--1159
7	68	82	57	14	16	77	91	66	23		--1160
25	86	0	75	32	34	95	9	84	41		--1161
43	4	18	93	50	52	13	27	2	59		--1162
61	22	36	11	68	70	31	45	20	77		--1163
79	40	54	29	86	88	49	63	38	95		--1164
97	58	72	47	4	6	67	81	56	13		--1165
15	76	90	65	22	24	85	99	74	31		--1166
33	94	8	83	40	42	3	17	92	49		--1167
51	12	26	1	58	60	21	35	10	67		--1168
69	30	44	19	76	78	39	53	28	85		--1169
87	48	62	37	94	96	57	71	46	3		--1170
5	66	80	55	12	14	75	89	64	21		--1171
23	84	98	73	30	32	93	7	82	39		--1172
41	2	16	91	48	50	11	25	0	57		--1173
59	20	34	9	66	68	29	43	18	75		--1174
77	38	52	27	84	86	47	61	36	93		--1175
95	56	70	45	2	4	65	79	54	11		--1176
13	74	88	63	20	22	83	97	72	29		--1177
31	92	6	81	38	40	1	15	90	47		--1178
49	10	24	99	56	58	19	33	8	65		--1179
67	28	42	17	74	76	37	51	26	83		--1180
85	46	60	35	92	94	55	69	44	1		--1181
3	64	78	53	10	12	73	87	62	19		--1182
21	82	96	71	28	30	91	5	80	37		--1183
39	0	14	89	46	48	9	23	98	55		--1184
57	18	32	7	64	66	27	41	16	73		--1185
75	36	50	25	82	84	45	59	34	91		--1186
93	54	68	43	0	2	63	77	52	9		--1187
11	72	86	61	18	20	81	95	70	27		--1188
29	90	4	79	36	38	99	13	88	45		--1189
47	8	22	97	54	56	17	31	6	63		--1190
65	26	40	15	72	74	35	49	24	81		--1191
83	44	58	33	90	92	53	67	42	99		--1192
1	62	76	51	8	10	71	85	60	17		--1193
19	80	94	69	26	28	89	3	78	35		--1194
37	98	12	87	44	46	7	21	96	53		--1195
55	16	30	5	62	64	25	39	14	71		--1196
73	34	48	23	80	82	43	57	32	89		--1197
91	52	66	41	98	0	61	75	50	7		--1198
9	70	84	59	16	18	79	93	68	25		--1199
27	88	2	77	34	36	97	11	86	43		--1200
45	6	20	95	52	54	15	29	4	61		--1201
63	24	38	13	70	72	33	47	22	79		--1202
81	42	56	31	88	90	51	65	40	97		--1203
99	60	74	49	6	8	69	83	58	15		--1204
17	78	92	67	24	26	87	1	76	33		--1205
35	96	10	85	42	44	5	19	94	51		--1206
53	14	28	3	60	62	23	37	12	69		--1207
71	32	46	21	78	80	41	55	30	87		--1208
89	50	64	39	96	98	59	73	48	5		--1209
7	68	82	57	14	16	77	91	66	23		--1210
25	86	0	75	32	34	95	9	84	41		--1211
43	4	18	93	50	52	13	27	2	59		--1212
61	22	36	11	68	70	31	45	20	77		--1213
79	40	54	29	86	88	49	63	38	95		--1214
97	58	72	47	4	6	67	81	56	13		--1215
15	76	90	65	22	24	85	99	74	31		--1216
33	94	8	83	40	42	3	17	92	49		--1217
51	12	26	1	58	60	21	35	10	67		--1218
69	30	44	19	76	78	39	53	28	85		--1219
87	48	62	37	94	96	57	71	46	3		--1220
5	66	80	55	12	14	75	89	64	21		--1221
23	84	98	73	30	32	93	7	82	39		--1222
41	2	16	91	48	50	11	25	0	57		--1223
59	20	34	9	66	68	29	43	18	75		--1224
77	38	52	27	84	86	47	61	36	93		--1225
95	56	70	45	2	4	65	79	54	11		--1226
13	74	88	63	20	22	83	97	72	29		--1227
31	92	6	81	38	40	1	15	90	47		--1228
49	10	24	99	56	58	19	33	8	65		--1229
67	28	42	17	74	76	37	51	26	83		--1230
85	46	60	35	92	94	55	69	44	1		--1231
3	64	78	53	10	12	73	87	62	19		--1232
21	82	96	71	28	30	91	5	80	37		--1233
39	0	14	89	46	48	9	23	98	55		--1234
57	18	32	7	64	66	27	41	16	73		--1235
75	36	50	25	82	84	45	59	34	91		--1236
93	54	68	43	0	2	63	77	52	9		--1237
11	72	86	61	18	20	81	95	70	27		--1238
29	90	4	79	36	38	99	13	88	45		--1239
47	8	22	97	54	56	17	31	6	63		--1240
65	26	40	15	72	74	35	49	24	81		--1241
83	44	58	33	90	92	53	67	42	99		--1242
1	62	76	51	8	10	71	85	60	17		--1243
19	80	94	69	26	28	89	3	78	35		--1244
37	98	12	87	44	46	7	21	96	53		--1245
55	16	30	5	62	64	25	39	14	71		--1246
73	34	48	23	80	82	43	57	32	89		--1247
91	52	66	41	98	0	61	75	50	7		--1248
9	70	84	59	16	18	79	93	68	25		--1249
27	88	2	77	34	36	97	11	86	43		--1250
45	6	20	95	52	54	15	29	4	61		--1251
63	24	38	13	70	72	33	47	22	79		--1252
81	42	56	31	88	90	51	65	40	97		--1253
99	60	74	49	6	8	69	83	58	15		--1254
17	78	92	67	24	26	87	1	76	33		--1255
